W(MeV)	Re(0)+	Im(0)+	Re(0)-	Im(0)-
1080.0	    0.776	    0.015	    0.000	    0.000
      	    0.000	    0.000	    0.000	    0.000
      	   -1.740	   -0.035	    0.000	    0.000
      	    0.006	    0.000	    0.000	    0.000
      	    0.088	    0.000	   -0.355	    0.000
      	    0.005	    0.000	    0.374	    0.000
      	    0.000	    0.000	   -0.011	    0.000
      	   -0.004	    0.000	    0.001	    0.000
      	   -0.002	    0.000	    0.015	    0.000
      	    0.000	    0.000	    0.001	    0.000
      	    0.000	    0.000	    0.000	    0.000
      	    0.000	    0.000	   -0.001	    0.000
      	    0.000	    0.000	    0.000	    0.000
      	    0.000	    0.000	    0.000	    0.000
      	    0.000	    0.000	    0.000	    0.000
      	    0.000	    0.000	    0.000	    0.000
      	    0.000	    0.000	    0.000	    0.000
      	    0.000	    0.000	    0.000	    0.000
1085.0	    0.774	    0.038	    0.000	    0.000
      	    0.000	    0.000	    0.000	    0.000
      	   -1.700	   -0.083	    0.000	    0.000
      	    0.009	    0.000	    0.000	    0.000
      	    0.113	    0.000	   -0.457	    0.001
      	    0.005	    0.000	    0.474	   -0.001
      	    0.001	    0.000	   -0.019	    0.000
      	   -0.007	    0.000	    0.002	    0.000
      	   -0.003	    0.000	    0.025	    0.000
      	    0.000	    0.000	    0.001	    0.000
      	    0.001	    0.000	    0.000	    0.000
      	    0.000	    0.000	   -0.002	    0.000
      	    0.000	    0.000	    0.000	    0.000
      	    0.000	    0.000	    0.000	    0.000
      	    0.000	    0.000	    0.000	    0.000
      	    0.000	    0.000	    0.000	    0.000
      	    0.000	    0.000	    0.000	    0.000
      	    0.000	    0.000	    0.000	    0.000
1090.0	    0.772	    0.052	    0.000	    0.000
      	    0.000	    0.000	    0.000	    0.000
      	   -1.661	   -0.111	    0.000	    0.000
      	    0.011	    0.000	    0.000	    0.000
      	    0.132	    0.000	   -0.533	    0.002
      	    0.004	    0.000	    0.545	   -0.002
      	    0.001	    0.000	   -0.027	    0.000
      	   -0.010	    0.000	    0.002	    0.000
      	   -0.004	    0.000	    0.034	    0.000
      	    0.000	    0.000	    0.002	    0.000
      	    0.001	    0.000	    0.000	    0.000
      	    0.000	    0.000	   -0.003	    0.000
      	    0.000	    0.000	    0.000	    0.000
      	    0.000	    0.000	    0.000	    0.000
      	    0.000	    0.000	    0.000	    0.000
      	    0.000	    0.000	    0.000	    0.000
      	    0.000	    0.000	    0.000	    0.000
      	    0.000	    0.000	    0.000	    0.000
1095.0	    0.770	    0.062	    0.000	    0.000
      	    0.000	    0.000	    0.000	    0.000
      	   -1.624	   -0.131	    0.000	    0.000
      	    0.013	    0.000	    0.000	    0.000
      	    0.147	    0.000	   -0.594	    0.003
      	    0.002	    0.000	    0.598	   -0.003
      	    0.001	    0.000	   -0.034	    0.000
      	   -0.013	    0.000	    0.003	    0.000
      	   -0.005	    0.000	    0.043	    0.000
      	    0.000	    0.000	    0.003	    0.000
      	    0.001	    0.000	    0.000	    0.000
      	    0.000	    0.000	   -0.004	    0.000
      	    0.000	    0.000	    0.000	    0.000
      	    0.000	    0.000	    0.000	    0.000
      	    0.000	    0.000	    0.001	    0.000
      	    0.000	    0.000	    0.000	    0.000
      	    0.000	    0.000	    0.000	    0.000
      	    0.000	    0.000	    0.000	    0.000
1100.0	    0.769	    0.068	    0.000	    0.000
      	    0.000	    0.000	    0.000	    0.000
      	   -1.590	   -0.140	    0.000	    0.000
      	    0.015	    0.000	    0.000	    0.000
      	    0.159	   -0.001	   -0.645	    0.004
      	    0.000	    0.000	    0.640	   -0.004
      	    0.002	    0.000	   -0.041	    0.000
      	   -0.015	    0.000	    0.004	    0.000
      	   -0.006	    0.000	    0.051	    0.000
      	    0.000	    0.000	    0.004	    0.000
      	    0.002	    0.000	    0.000	    0.000
      	    0.001	    0.000	   -0.006	    0.000
      	    0.000	    0.000	   -0.001	    0.000
      	    0.000	    0.000	    0.000	    0.000
      	    0.000	    0.000	    0.001	    0.000
      	    0.000	    0.000	    0.000	    0.000
      	    0.000	    0.000	    0.000	    0.000
      	    0.000	    0.000	    0.000	    0.000
1105.0	    0.769	    0.074	    0.000	    0.000
      	    0.000	    0.000	    0.000	    0.000
      	   -1.556	   -0.149	    0.000	    0.000
      	    0.017	    0.000	    0.000	    0.000
      	    0.169	   -0.001	   -0.689	    0.006
      	   -0.002	    0.000	    0.674	   -0.006
      	    0.002	    0.000	   -0.047	    0.000
      	   -0.017	    0.000	    0.005	    0.000
      	   -0.007	    0.000	    0.058	    0.000
      	    0.000	    0.000	    0.005	    0.000
      	    0.002	    0.000	    0.000	    0.000
      	    0.001	    0.000	   -0.007	    0.000
      	    0.000	    0.000	   -0.001	    0.000
      	    0.000	    0.000	    0.000	    0.000
      	    0.000	    0.000	    0.001	    0.000
      	    0.000	    0.000	    0.000	    0.000
      	    0.000	    0.000	    0.000	    0.000
      	    0.000	    0.000	    0.000	    0.000
1110.0	    0.768	    0.080	    0.000	    0.000
      	    0.000	    0.000	    0.000	    0.000
      	   -1.523	   -0.158	    0.000	    0.000
      	    0.019	    0.000	    0.000	    0.000
      	    0.178	   -0.001	   -0.726	    0.007
      	   -0.004	    0.000	    0.702	   -0.007
      	    0.002	    0.000	   -0.054	   -0.001
      	   -0.020	    0.000	    0.005	    0.000
      	   -0.008	    0.000	    0.065	    0.000
      	    0.000	    0.000	    0.006	    0.000
      	    0.003	    0.000	    0.000	    0.000
      	    0.001	    0.000	   -0.008	    0.000
      	    0.000	    0.000	   -0.001	    0.000
      	    0.000	    0.000	    0.000	    0.000
      	    0.000	    0.000	    0.001	    0.000
      	    0.000	    0.000	    0.000	    0.000
      	    0.000	    0.000	    0.000	    0.000
      	    0.000	    0.000	    0.000	    0.000
1115.0	    0.768	    0.085	    0.000	    0.000
      	    0.000	    0.000	    0.000	    0.000
      	   -1.491	   -0.165	    0.000	    0.000
      	    0.021	    0.000	    0.000	    0.000
      	    0.185	   -0.001	   -0.760	    0.009
      	   -0.007	    0.000	    0.725	   -0.009
      	    0.002	    0.000	   -0.060	   -0.001
      	   -0.022	    0.000	    0.006	    0.000
      	   -0.008	    0.000	    0.072	    0.000
      	    0.000	    0.000	    0.007	    0.000
      	    0.003	    0.000	    0.000	    0.000
      	    0.001	    0.000	   -0.010	    0.000
      	    0.000	    0.000	   -0.001	    0.000
      	   -0.001	    0.000	    0.000	    0.000
      	    0.000	    0.000	    0.002	    0.000
      	    0.000	    0.000	    0.000	    0.000
      	    0.000	    0.000	    0.000	    0.000
      	    0.000	    0.000	    0.000	    0.000
1120.0	    0.768	    0.089	    0.000	    0.000
      	    0.000	    0.000	    0.000	    0.000
      	   -1.461	   -0.170	    0.000	    0.000
      	    0.022	    0.000	    0.000	    0.000
      	    0.192	   -0.002	   -0.789	    0.011
      	   -0.010	    0.000	    0.744	   -0.010
      	    0.002	    0.000	   -0.065	   -0.001
      	   -0.024	    0.000	    0.007	    0.000
      	   -0.009	    0.000	    0.078	    0.001
      	    0.000	    0.000	    0.008	    0.000
      	    0.003	    0.000	    0.000	    0.000
      	    0.001	    0.000	   -0.011	    0.000
      	    0.000	    0.000	   -0.001	    0.000
      	   -0.001	    0.000	    0.000	    0.000
      	    0.000	    0.000	    0.002	    0.000
      	    0.000	    0.000	    0.000	    0.000
      	    0.000	    0.000	    0.000	    0.000
      	    0.000	    0.000	    0.000	    0.000
1125.0	    0.769	    0.093	    0.000	    0.000
      	    0.000	    0.000	    0.000	    0.000
      	   -1.432	   -0.174	    0.000	    0.000
      	    0.024	    0.000	    0.000	    0.000
      	    0.197	   -0.002	   -0.816	    0.012
      	   -0.012	    0.000	    0.761	   -0.011
      	    0.002	    0.000	   -0.071	   -0.001
      	   -0.025	    0.000	    0.008	    0.000
      	   -0.009	    0.000	    0.084	    0.001
      	    0.000	    0.000	    0.009	    0.000
      	    0.004	    0.000	    0.000	    0.000
      	    0.001	    0.000	   -0.012	    0.000
      	    0.000	    0.000	   -0.001	    0.000
      	   -0.001	    0.000	    0.000	    0.000
      	    0.000	    0.000	    0.002	    0.000
      	    0.000	    0.000	    0.000	    0.000
      	    0.000	    0.000	    0.000	    0.000
      	    0.000	    0.000	    0.000	    0.000
1130.0	    0.769	    0.097	    0.000	    0.000
      	    0.000	    0.000	    0.000	    0.000
      	   -1.403	   -0.177	    0.000	    0.000
      	    0.026	    0.000	    0.000	    0.000
      	    0.202	   -0.002	   -0.840	    0.013
      	   -0.015	    0.000	    0.774	   -0.012
      	    0.003	    0.000	   -0.077	   -0.001
      	   -0.027	    0.000	    0.009	    0.000
      	   -0.010	    0.000	    0.089	    0.001
      	    0.000	    0.000	    0.010	    0.000
      	    0.004	    0.000	    0.000	    0.000
      	    0.001	    0.000	   -0.013	    0.000
      	    0.000	    0.000	   -0.002	    0.000
      	   -0.001	    0.000	    0.000	    0.000
      	    0.000	    0.000	    0.002	    0.000
      	    0.000	    0.000	    0.000	    0.000
      	    0.000	    0.000	    0.000	    0.000
      	    0.000	    0.000	    0.000	    0.000
1135.0	    0.770	    0.101	    0.000	    0.000
      	    0.000	    0.000	    0.000	    0.000
      	   -1.376	   -0.180	    0.000	    0.000
      	    0.028	    0.000	    0.000	    0.000
      	    0.206	   -0.003	   -0.861	    0.014
      	   -0.018	    0.000	    0.786	   -0.013
      	    0.003	    0.000	   -0.082	   -0.002
      	   -0.029	    0.000	    0.010	    0.000
      	   -0.010	    0.000	    0.094	    0.001
      	    0.000	    0.000	    0.011	    0.000
      	    0.005	    0.000	    0.000	    0.000
      	    0.001	    0.000	   -0.015	    0.000
      	    0.000	    0.000	   -0.002	    0.000
      	   -0.001	    0.000	    0.000	    0.000
      	    0.000	    0.000	    0.003	    0.000
      	    0.000	    0.000	    0.000	    0.000
      	    0.000	    0.000	    0.000	    0.000
      	    0.000	    0.000	   -0.001	    0.000
1140.0	    0.772	    0.104	    0.000	    0.000
      	    0.000	    0.000	    0.000	    0.000
      	   -1.349	   -0.182	    0.000	    0.000
      	    0.029	    0.000	    0.000	    0.000
      	    0.209	   -0.003	   -0.881	    0.015
      	   -0.020	    0.000	    0.796	   -0.013
      	    0.003	    0.000	   -0.087	   -0.002
      	   -0.030	    0.000	    0.011	    0.000
      	   -0.010	    0.000	    0.099	    0.001
      	    0.000	    0.000	    0.011	    0.000
      	    0.005	    0.000	    0.000	    0.000
      	    0.001	    0.000	   -0.016	    0.000
      	    0.000	    0.000	   -0.002	    0.000
      	   -0.001	    0.000	    0.000	    0.000
      	    0.000	    0.000	    0.003	    0.000
      	    0.000	    0.000	    0.000	    0.000
      	    0.000	    0.000	    0.000	    0.000
      	    0.000	    0.000	   -0.001	    0.000
1145.0	    0.773	    0.107	    0.000	    0.000
      	    0.000	    0.000	    0.000	    0.000
      	   -1.323	   -0.184	    0.000	    0.000
      	    0.031	    0.000	    0.000	    0.000
      	    0.212	   -0.003	   -0.900	    0.015
      	   -0.023	    0.000	    0.805	   -0.014
      	    0.003	    0.000	   -0.092	   -0.002
      	   -0.031	    0.000	    0.012	    0.000
      	   -0.011	    0.000	    0.103	    0.001
      	    0.000	    0.000	    0.012	    0.000
      	    0.005	    0.000	    0.000	    0.000
      	    0.001	    0.000	   -0.017	    0.000
      	    0.000	    0.000	   -0.002	    0.000
      	   -0.001	    0.000	    0.000	    0.000
      	    0.000	    0.000	    0.003	    0.000
      	    0.000	    0.000	    0.000	    0.000
      	    0.000	    0.000	    0.000	    0.000
      	    0.000	    0.000	   -0.001	    0.000
1150.0	    0.775	    0.110	    0.000	    0.000
      	    0.000	    0.000	    0.000	    0.000
      	   -1.298	   -0.185	    0.000	    0.000
      	    0.032	   -0.001	    0.000	    0.000
      	    0.214	   -0.004	   -0.917	    0.016
      	   -0.026	    0.000	    0.812	   -0.014
      	    0.003	    0.000	   -0.097	   -0.002
      	   -0.033	    0.000	    0.013	    0.001
      	   -0.011	    0.000	    0.107	    0.002
      	    0.000	    0.000	    0.013	    0.000
      	    0.006	    0.000	    0.000	    0.000
      	    0.001	    0.000	   -0.018	    0.000
      	    0.000	    0.000	   -0.002	    0.000
      	   -0.001	    0.000	    0.000	    0.000
      	    0.000	    0.000	    0.003	    0.000
      	    0.000	    0.000	    0.001	    0.000
      	    0.000	    0.000	    0.000	    0.000
      	    0.000	    0.000	   -0.001	    0.000
1155.0	    0.777	    0.113	    0.000	    0.000
      	    0.000	    0.000	    0.000	    0.000
      	   -1.274	   -0.186	    0.000	    0.000
      	    0.034	   -0.001	    0.000	    0.000
      	    0.216	   -0.004	   -0.932	    0.016
      	   -0.028	    0.001	    0.818	   -0.014
      	    0.003	    0.000	   -0.102	   -0.003
      	   -0.034	    0.000	    0.014	    0.001
      	   -0.011	    0.000	    0.111	    0.002
      	    0.000	    0.000	    0.014	    0.000
      	    0.006	    0.000	    0.000	    0.000
      	    0.001	    0.000	   -0.019	    0.000
      	    0.000	    0.000	   -0.003	    0.000
      	   -0.001	    0.000	    0.000	    0.000
      	    0.000	    0.000	    0.004	    0.000
      	    0.000	    0.000	    0.001	    0.000
      	    0.000	    0.000	    0.000	    0.000
      	    0.000	    0.000	   -0.001	    0.000
1160.0	    0.779	    0.116	    0.000	    0.000
      	    0.000	    0.000	    0.000	    0.000
      	   -1.251	   -0.186	    0.000	    0.000
      	    0.036	   -0.001	    0.000	    0.000
      	    0.217	   -0.005	   -0.947	    0.015
      	   -0.031	    0.001	    0.824	   -0.013
      	    0.003	    0.000	   -0.106	   -0.003
      	   -0.035	    0.000	    0.015	    0.001
      	   -0.012	    0.000	    0.115	    0.002
      	    0.000	    0.000	    0.015	    0.000
      	    0.006	    0.000	    0.000	    0.000
      	    0.001	    0.000	   -0.020	    0.000
      	    0.000	    0.000	   -0.003	    0.000
      	   -0.001	    0.000	    0.000	    0.000
      	    0.000	    0.000	    0.004	    0.000
      	    0.000	    0.000	    0.001	    0.000
      	    0.000	    0.000	    0.000	    0.000
      	    0.000	    0.000	   -0.001	    0.000
1165.0	    0.782	    0.118	    0.000	    0.000
      	    0.000	    0.000	    0.000	    0.000
      	   -1.228	   -0.187	    0.000	    0.000
      	    0.037	   -0.001	    0.000	    0.000
      	    0.218	   -0.005	   -0.961	    0.014
      	   -0.033	    0.001	    0.828	   -0.012
      	    0.003	    0.000	   -0.111	   -0.004
      	   -0.036	    0.000	    0.016	    0.001
      	   -0.012	    0.000	    0.118	    0.002
      	    0.000	    0.000	    0.015	    0.000
      	    0.006	    0.000	    0.000	    0.000
      	    0.001	    0.000	   -0.021	    0.000
      	    0.000	    0.000	   -0.003	    0.000
      	   -0.001	    0.000	    0.000	    0.000
      	    0.000	    0.000	    0.004	    0.000
      	    0.000	    0.000	    0.001	    0.000
      	    0.000	    0.000	    0.000	    0.000
      	    0.000	    0.000	   -0.001	    0.000
1170.0	    0.784	    0.121	    0.000	    0.000
      	    0.000	    0.000	    0.000	    0.000
      	   -1.206	   -0.187	    0.000	    0.000
      	    0.039	   -0.001	    0.000	    0.000
      	    0.219	   -0.005	   -0.974	    0.013
      	   -0.036	    0.001	    0.832	   -0.011
      	    0.004	    0.000	   -0.115	   -0.004
      	   -0.037	    0.000	    0.017	    0.001
      	   -0.012	    0.000	    0.121	    0.003
      	    0.000	    0.000	    0.016	    0.000
      	    0.007	    0.000	    0.000	    0.000
      	    0.001	    0.000	   -0.022	    0.000
      	    0.000	    0.000	   -0.003	    0.000
      	   -0.001	    0.000	    0.000	    0.000
      	    0.000	    0.000	    0.004	    0.000
      	    0.000	    0.000	    0.001	    0.000
      	    0.000	    0.000	    0.000	    0.000
      	    0.000	    0.000	   -0.001	    0.000
1175.0	    0.787	    0.124	    0.000	    0.000
      	    0.000	    0.000	    0.000	    0.000
      	   -1.184	   -0.186	    0.000	    0.000
      	    0.040	   -0.001	    0.000	    0.000
      	    0.220	   -0.006	   -0.987	    0.011
      	   -0.038	    0.001	    0.836	   -0.010
      	    0.004	    0.000	   -0.120	   -0.004
      	   -0.038	    0.000	    0.018	    0.001
      	   -0.013	    0.000	    0.124	    0.003
      	    0.000	    0.000	    0.017	    0.000
      	    0.007	    0.000	    0.001	    0.000
      	    0.001	    0.000	   -0.022	    0.000
      	    0.000	    0.000	   -0.003	    0.000
      	   -0.002	    0.000	    0.000	    0.000
      	    0.000	    0.000	    0.005	    0.000
      	    0.000	    0.000	    0.001	    0.000
      	    0.000	    0.000	    0.000	    0.000
      	    0.000	    0.000	   -0.001	    0.000
1180.0	    0.790	    0.126	    0.000	    0.000
      	    0.000	    0.000	    0.000	    0.000
      	   -1.164	   -0.186	    0.000	    0.000
      	    0.042	   -0.001	    0.000	    0.000
      	    0.220	   -0.006	   -0.998	    0.009
      	   -0.041	    0.001	    0.838	   -0.008
      	    0.004	    0.000	   -0.124	   -0.005
      	   -0.039	    0.000	    0.019	    0.001
      	   -0.013	    0.000	    0.127	    0.003
      	    0.000	    0.000	    0.018	    0.000
      	    0.007	    0.000	    0.001	    0.000
      	    0.001	    0.000	   -0.023	    0.000
      	    0.000	    0.000	   -0.004	    0.000
      	   -0.002	    0.000	    0.000	    0.000
      	    0.000	    0.000	    0.005	    0.000
      	    0.000	    0.000	    0.001	    0.000
      	    0.000	    0.000	    0.000	    0.000
      	    0.000	    0.000	   -0.001	    0.000
1185.0	    0.793	    0.128	    0.000	    0.000
      	    0.000	    0.000	    0.000	    0.000
      	   -1.143	   -0.186	    0.000	    0.000
      	    0.043	   -0.001	    0.000	    0.000
      	    0.220	   -0.007	   -1.010	    0.007
      	   -0.043	    0.001	    0.841	   -0.006
      	    0.004	    0.000	   -0.128	   -0.006
      	   -0.040	    0.000	    0.020	    0.002
      	   -0.013	    0.000	    0.130	    0.004
      	    0.000	    0.000	    0.018	    0.000
      	    0.007	    0.000	    0.001	    0.000
      	    0.001	    0.000	   -0.024	    0.000
      	    0.000	    0.000	   -0.004	    0.000
      	   -0.002	    0.000	    0.000	    0.000
      	    0.000	    0.000	    0.005	    0.000
      	    0.000	    0.000	    0.001	    0.000
      	    0.000	    0.000	    0.000	    0.000
      	    0.000	    0.000	   -0.001	    0.000
1190.0	    0.797	    0.131	    0.000	    0.000
      	    0.000	    0.000	    0.000	    0.000
      	   -1.123	   -0.185	    0.000	    0.000
      	    0.044	   -0.001	    0.000	    0.000
      	    0.219	   -0.007	   -1.020	    0.004
      	   -0.045	    0.001	    0.843	   -0.003
      	    0.004	    0.000	   -0.132	   -0.006
      	   -0.041	    0.000	    0.022	    0.002
      	   -0.013	    0.000	    0.133	    0.004
      	    0.000	    0.000	    0.019	    0.000
      	    0.008	    0.000	    0.001	    0.000
      	    0.001	    0.000	   -0.025	    0.000
      	    0.000	    0.000	   -0.004	    0.000
      	   -0.002	    0.000	    0.000	    0.000
      	    0.000	    0.000	    0.005	    0.000
      	    0.000	    0.000	    0.001	    0.000
      	    0.000	    0.000	    0.000	    0.000
      	    0.000	    0.000	   -0.001	    0.000
1195.0	    0.801	    0.133	    0.000	    0.000
      	    0.000	    0.000	    0.000	    0.000
      	   -1.104	   -0.184	    0.000	    0.000
      	    0.046	   -0.001	    0.000	    0.000
      	    0.219	   -0.007	   -1.031	   -0.003
      	   -0.047	    0.001	    0.844	   -0.001
      	    0.004	    0.000	   -0.137	   -0.007
      	   -0.042	    0.000	    0.023	    0.002
      	   -0.013	    0.000	    0.135	    0.004
      	    0.000	    0.000	    0.020	    0.000
      	    0.008	    0.000	    0.001	    0.000
      	    0.001	    0.000	   -0.025	    0.000
      	    0.000	    0.000	   -0.004	    0.000
      	   -0.002	    0.000	    0.000	    0.000
      	    0.000	    0.000	    0.005	    0.000
      	    0.000	    0.000	    0.001	    0.000
      	    0.000	    0.000	    0.000	    0.000
      	    0.000	    0.000	   -0.001	    0.000
1200.0	    0.805	    0.136	    0.000	    0.000
      	    0.000	    0.000	    0.000	    0.000
      	   -1.085	   -0.183	    0.000	    0.000
      	    0.047	   -0.002	    0.000	    0.000
      	    0.218	   -0.008	   -1.041	   -0.004
      	   -0.050	    0.002	    0.845	    0.003
      	    0.004	    0.000	   -0.141	   -0.008
      	   -0.043	    0.000	    0.024	    0.002
      	   -0.014	    0.000	    0.138	    0.005
      	    0.000	    0.000	    0.020	    0.000
      	    0.008	    0.000	    0.001	    0.000
      	    0.001	    0.000	   -0.026	    0.000
      	    0.000	    0.000	   -0.004	    0.000
      	   -0.002	    0.000	    0.000	    0.000
      	    0.000	    0.000	    0.006	    0.000
      	    0.000	    0.000	    0.001	    0.000
      	    0.000	    0.000	    0.000	    0.000
      	    0.000	    0.000	   -0.001	    0.000
1205.0	    0.809	    0.138	    0.000	    0.000
      	    0.000	    0.000	    0.000	    0.000
      	   -1.067	   -0.182	    0.000	    0.000
      	    0.048	   -0.002	    0.000	    0.000
      	    0.217	   -0.008	   -1.051	   -0.009
      	   -0.052	    0.002	    0.846	    0.007
      	    0.004	    0.000	   -0.145	   -0.009
      	   -0.043	    0.000	    0.025	    0.003
      	   -0.014	    0.000	    0.140	    0.005
      	    0.000	    0.000	    0.021	    0.000
      	    0.008	    0.000	    0.001	    0.000
      	    0.001	    0.000	   -0.027	    0.000
      	    0.000	    0.000	   -0.005	    0.000
      	   -0.002	    0.000	    0.000	    0.000
      	    0.000	    0.000	    0.006	    0.000
      	    0.000	    0.000	    0.001	    0.000
      	    0.001	    0.000	    0.000	    0.000
      	    0.000	    0.000	   -0.001	    0.000
1210.0	    0.813	    0.140	    0.000	    0.000
      	    0.000	    0.000	    0.000	    0.000
      	   -1.049	   -0.181	    0.000	    0.000
      	    0.050	   -0.002	    0.000	    0.000
      	    0.216	   -0.009	   -1.060	   -0.014
      	   -0.054	    0.002	    0.847	    0.011
      	    0.005	    0.000	   -0.149	   -0.009
      	   -0.044	    0.000	    0.027	    0.003
      	   -0.014	    0.000	    0.143	    0.006
      	    0.000	    0.000	    0.021	    0.000
      	    0.008	    0.000	    0.001	    0.000
      	    0.001	    0.000	   -0.027	    0.000
      	    0.000	    0.000	   -0.005	    0.000
      	   -0.002	    0.000	    0.000	    0.000
      	    0.000	    0.000	    0.006	    0.000
      	    0.000	    0.000	    0.001	    0.000
      	    0.001	    0.000	    0.000	    0.000
      	    0.000	    0.000	   -0.002	    0.000
1215.0	    0.817	    0.143	    0.000	    0.000
      	    0.000	    0.000	    0.000	    0.000
      	   -1.032	   -0.180	    0.000	    0.000
      	    0.051	   -0.002	    0.000	    0.000
      	    0.215	   -0.009	   -1.069	   -0.019
      	   -0.056	    0.002	    0.847	    0.016
      	    0.005	    0.000	   -0.153	   -0.010
      	   -0.045	    0.000	    0.028	    0.003
      	   -0.014	    0.000	    0.145	    0.007
      	    0.000	    0.000	    0.022	    0.000
      	    0.008	    0.000	    0.001	    0.000
      	    0.001	    0.000	   -0.028	    0.000
      	    0.000	    0.000	   -0.005	    0.000
      	   -0.002	    0.000	    0.000	    0.000
      	    0.000	    0.000	    0.006	    0.000
      	    0.000	    0.000	    0.001	    0.000
      	    0.001	    0.000	    0.000	    0.000
      	    0.000	    0.000	   -0.002	    0.000
1220.0	    0.821	    0.145	    0.000	    0.000
      	    0.000	    0.000	    0.000	    0.000
      	   -1.015	   -0.179	    0.000	    0.000
      	    0.052	   -0.002	    0.000	    0.000
      	    0.214	   -0.009	   -1.078	   -0.026
      	   -0.058	    0.002	    0.847	    0.021
      	    0.005	    0.000	   -0.157	   -0.011
      	   -0.046	    0.000	    0.030	    0.004
      	   -0.014	    0.000	    0.147	    0.007
      	    0.000	    0.000	    0.022	    0.000
      	    0.009	    0.000	    0.001	    0.000
      	    0.001	    0.000	   -0.028	    0.000
      	    0.000	    0.000	   -0.005	    0.000
      	   -0.002	    0.000	    0.000	    0.000
      	    0.000	    0.000	    0.006	    0.000
      	    0.000	    0.000	    0.001	    0.000
      	    0.001	    0.000	    0.000	    0.000
      	    0.000	    0.000	   -0.002	    0.000
1225.0	    0.826	    0.147	    0.000	    0.000
      	    0.000	    0.000	    0.000	    0.000
      	   -0.998	   -0.178	    0.000	    0.000
      	    0.054	   -0.002	    0.000	    0.000
      	    0.212	   -0.010	   -1.087	   -0.037
      	   -0.060	    0.002	    0.847	    0.026
      	    0.005	    0.000	   -0.162	   -0.012
      	   -0.046	   -0.001	    0.031	    0.004
      	   -0.015	    0.000	    0.149	    0.008
      	    0.000	    0.000	    0.023	    0.000
      	    0.009	    0.000	    0.001	    0.000
      	    0.001	    0.000	   -0.029	    0.000
      	    0.000	    0.000	   -0.005	    0.000
      	   -0.002	    0.000	    0.000	    0.000
      	    0.000	    0.000	    0.006	    0.000
      	    0.000	    0.000	    0.001	    0.000
      	    0.001	    0.000	    0.000	    0.000
      	    0.000	    0.000	   -0.002	    0.000
1230.0	    0.831	    0.150	    0.000	    0.000
      	    0.000	    0.000	    0.000	    0.000
      	   -0.982	   -0.177	    0.000	    0.000
      	    0.055	   -0.002	    0.000	    0.000
      	    0.210	   -0.010	   -1.095	   -0.048
      	   -0.062	    0.003	    0.846	    0.031
      	    0.005	    0.000	   -0.166	   -0.014
      	   -0.047	   -0.001	    0.033	    0.005
      	   -0.015	    0.000	    0.151	    0.009
      	    0.000	    0.000	    0.023	    0.000
      	    0.009	    0.000	    0.001	    0.000
      	    0.001	    0.000	   -0.029	    0.000
      	    0.000	    0.000	   -0.005	    0.000
      	   -0.002	    0.000	    0.000	    0.000
      	    0.000	    0.000	    0.006	    0.000
      	    0.000	    0.000	    0.001	    0.000
      	    0.001	    0.000	    0.000	    0.000
      	    0.000	    0.000	   -0.002	    0.000
1235.0	    0.836	    0.152	    0.000	    0.000
      	    0.000	    0.000	    0.000	    0.000
      	   -0.966	   -0.176	    0.000	    0.000
      	    0.056	   -0.002	    0.000	    0.000
      	    0.208	   -0.010	   -1.104	   -0.059
      	   -0.064	    0.003	    0.845	    0.037
      	    0.005	    0.000	   -0.170	   -0.015
      	   -0.047	   -0.001	    0.035	    0.005
      	   -0.015	    0.000	    0.153	    0.009
      	    0.000	    0.000	    0.024	    0.000
      	    0.009	    0.000	    0.001	    0.000
      	    0.001	    0.000	   -0.030	    0.000
      	    0.000	    0.000	   -0.006	    0.000
      	   -0.002	    0.000	    0.000	    0.000
      	    0.000	    0.000	    0.007	    0.000
      	    0.000	    0.000	    0.001	    0.000
      	    0.001	    0.000	    0.000	    0.000
      	    0.000	    0.000	   -0.002	    0.000
1240.0	    0.841	    0.154	    0.000	    0.000
      	    0.000	    0.000	    0.000	    0.000
      	   -0.951	   -0.175	    0.000	    0.000
      	    0.058	   -0.002	    0.000	    0.000
      	    0.206	   -0.011	   -1.112	   -0.070
      	   -0.066	    0.003	    0.843	    0.044
      	    0.005	    0.000	   -0.174	   -0.016
      	   -0.048	   -0.001	    0.037	    0.006
      	   -0.015	    0.000	    0.155	    0.010
      	    0.000	    0.000	    0.024	    0.000
      	    0.009	    0.000	    0.001	    0.000
      	    0.001	    0.000	   -0.031	    0.000
      	    0.000	    0.000	   -0.006	    0.000
      	   -0.002	    0.000	    0.000	    0.000
      	    0.000	    0.000	    0.007	    0.000
      	    0.000	    0.000	    0.001	    0.000
      	    0.001	    0.000	    0.000	    0.000
      	    0.000	    0.000	   -0.002	    0.000
1245.0	    0.847	    0.157	    0.000	    0.000
      	    0.000	    0.000	    0.000	    0.000
      	   -0.936	   -0.173	    0.000	    0.000
      	    0.059	   -0.003	    0.000	    0.000
      	    0.204	   -0.011	   -1.119	   -0.082
      	   -0.067	    0.003	    0.842	    0.052
      	    0.005	    0.000	   -0.179	   -0.018
      	   -0.049	   -0.001	    0.038	    0.007
      	   -0.015	    0.000	    0.157	    0.011
      	    0.000	    0.000	    0.025	    0.000
      	    0.009	    0.000	    0.001	    0.000
      	    0.001	    0.000	   -0.031	    0.000
      	    0.000	    0.000	   -0.006	    0.000
      	   -0.002	    0.000	    0.000	    0.000
      	    0.000	    0.000	    0.007	    0.000
      	    0.000	    0.000	    0.001	    0.000
      	    0.001	    0.000	    0.000	    0.000
      	    0.000	    0.000	   -0.002	    0.000
1250.0	    0.852	    0.159	    0.000	    0.000
      	    0.000	    0.000	    0.000	    0.000
      	   -0.921	   -0.172	    0.000	    0.000
      	    0.060	   -0.003	    0.000	    0.000
      	    0.202	   -0.011	   -1.127	   -0.096
      	   -0.069	    0.003	    0.839	    0.059
      	    0.005	    0.000	   -0.183	   -0.019
      	   -0.049	   -0.001	    0.040	    0.007
      	   -0.015	    0.000	    0.159	    0.012
      	    0.000	    0.000	    0.025	   -0.001
      	    0.009	    0.000	    0.002	    0.000
      	    0.000	    0.000	   -0.032	    0.000
      	    0.000	    0.000	   -0.006	    0.000
      	   -0.002	    0.000	    0.000	    0.000
      	    0.000	    0.000	    0.007	    0.000
      	    0.000	    0.000	    0.002	    0.000
      	    0.001	    0.000	    0.000	    0.000
      	    0.000	    0.000	   -0.002	    0.000
1255.0	    0.858	    0.162	    0.000	    0.000
      	    0.000	    0.000	    0.000	    0.000
      	   -0.907	   -0.171	    0.000	    0.000
      	    0.062	   -0.003	    0.000	    0.000
      	    0.200	   -0.012	   -1.134	   -0.111
      	   -0.071	    0.004	    0.836	    0.068
      	    0.005	    0.000	   -0.187	   -0.021
      	   -0.050	   -0.001	    0.042	    0.008
      	   -0.016	    0.000	    0.161	    0.013
      	    0.000	    0.000	    0.025	   -0.001
      	    0.009	    0.000	    0.002	    0.000
      	    0.000	    0.000	   -0.032	    0.000
      	    0.000	    0.000	   -0.006	    0.000
      	   -0.002	    0.000	    0.000	    0.000
      	    0.000	    0.000	    0.007	    0.000
      	    0.000	    0.000	    0.002	    0.000
      	    0.001	    0.000	    0.000	    0.000
      	    0.000	    0.000	   -0.002	    0.000
1260.0	    0.864	    0.164	    0.000	    0.000
      	    0.000	    0.000	    0.000	    0.000
      	   -0.893	   -0.170	    0.000	    0.000
      	    0.063	   -0.003	    0.000	    0.000
      	    0.198	   -0.012	   -1.140	   -0.127
      	   -0.073	    0.004	    0.833	    0.076
      	    0.006	    0.000	   -0.192	   -0.023
      	   -0.050	   -0.001	    0.044	    0.009
      	   -0.016	    0.000	    0.164	    0.014
      	    0.000	    0.000	    0.026	   -0.001
      	    0.009	    0.000	    0.002	    0.000
      	    0.000	    0.000	   -0.032	    0.000
      	    0.000	    0.000	   -0.006	    0.000
      	   -0.003	    0.000	    0.000	    0.000
      	    0.000	    0.000	    0.007	    0.000
      	    0.000	    0.000	    0.002	    0.000
      	    0.001	    0.000	    0.000	    0.000
      	    0.000	    0.000	   -0.002	    0.000
1265.0	    0.870	    0.167	    0.000	    0.000
      	    0.000	    0.000	    0.000	    0.000
      	   -0.880	   -0.169	    0.000	    0.000
      	    0.064	   -0.003	    0.000	    0.000
      	    0.195	   -0.012	   -1.146	   -0.144
      	   -0.075	    0.004	    0.829	    0.085
      	    0.006	    0.000	   -0.197	   -0.024
      	   -0.051	   -0.001	    0.047	    0.010
      	   -0.016	    0.000	    0.166	    0.015
      	    0.001	    0.000	    0.026	   -0.001
      	    0.009	    0.000	    0.002	    0.000
      	    0.000	    0.000	   -0.033	   -0.001
      	    0.000	    0.000	   -0.006	    0.000
      	   -0.003	    0.000	    0.000	    0.000
      	   -0.001	    0.000	    0.007	    0.000
      	    0.000	    0.000	    0.002	    0.000
      	    0.001	    0.000	    0.000	    0.000
      	    0.000	    0.000	   -0.002	    0.000
1270.0	    0.876	    0.170	    0.000	    0.000
      	    0.000	    0.000	    0.000	    0.000
      	   -0.867	   -0.168	    0.000	    0.000
      	    0.065	   -0.003	    0.000	    0.000
      	    0.192	   -0.012	   -1.151	   -0.163
      	   -0.076	    0.004	    0.825	    0.095
      	    0.006	    0.000	   -0.201	   -0.026
      	   -0.051	   -0.001	    0.049	    0.011
      	   -0.016	    0.000	    0.168	    0.016
      	    0.001	    0.000	    0.026	   -0.001
      	    0.010	    0.000	    0.002	    0.000
      	    0.000	    0.000	   -0.033	   -0.001
      	    0.000	    0.000	   -0.006	    0.000
      	   -0.003	    0.000	    0.000	    0.000
      	   -0.001	    0.000	    0.007	    0.000
      	    0.000	    0.000	    0.002	    0.000
      	    0.001	    0.000	    0.000	    0.000
      	    0.000	    0.000	   -0.002	    0.000
1275.0	    0.883	    0.173	    0.000	    0.000
      	    0.000	    0.000	    0.000	    0.000
      	   -0.854	   -0.167	    0.000	    0.000
      	    0.067	   -0.003	    0.000	    0.000
      	    0.190	   -0.013	   -1.156	   -0.183
      	   -0.078	    0.004	    0.819	    0.105
      	    0.006	    0.000	   -0.206	   -0.028
      	   -0.052	   -0.001	    0.051	    0.012
      	   -0.016	    0.000	    0.170	    0.017
      	    0.001	    0.000	    0.026	   -0.001
      	    0.010	    0.000	    0.002	    0.000
      	    0.000	    0.000	   -0.034	   -0.001
      	    0.000	    0.000	   -0.007	    0.000
      	   -0.003	    0.000	    0.000	    0.000
      	   -0.001	    0.000	    0.007	    0.000
      	    0.000	    0.000	    0.002	    0.000
      	    0.001	    0.000	    0.000	    0.000
      	    0.000	    0.000	   -0.002	    0.000
1280.0	    0.889	    0.176	    0.000	    0.000
      	    0.000	    0.000	    0.000	    0.000
      	   -0.841	   -0.166	    0.000	    0.000
      	    0.068	   -0.003	    0.000	    0.000
      	    0.187	   -0.013	   -1.159	   -0.204
      	   -0.079	    0.004	    0.813	    0.116
      	    0.006	    0.000	   -0.211	   -0.031
      	   -0.052	   -0.001	    0.054	    0.014
      	   -0.016	    0.000	    0.172	    0.018
      	    0.001	    0.000	    0.027	   -0.001
      	    0.010	    0.000	    0.002	    0.000
      	    0.000	    0.000	   -0.034	   -0.001
      	    0.000	    0.000	   -0.007	    0.000
      	   -0.003	    0.000	    0.000	    0.000
      	   -0.001	    0.000	    0.007	    0.000
      	    0.000	    0.000	    0.002	    0.000
      	    0.001	    0.000	    0.000	    0.000
      	    0.000	    0.000	   -0.002	    0.000
1285.0	    0.896	    0.179	    0.000	    0.000
      	    0.000	    0.000	    0.000	    0.000
      	   -0.829	   -0.165	    0.000	    0.000
      	    0.069	   -0.004	    0.000	    0.000
      	    0.184	   -0.013	   -1.162	   -0.227
      	   -0.081	    0.005	    0.807	    0.127
      	    0.006	    0.000	   -0.216	   -0.033
      	   -0.053	   -0.001	    0.057	    0.015
      	   -0.017	    0.000	    0.174	    0.019
      	    0.001	    0.000	    0.027	   -0.001
      	    0.010	    0.000	    0.003	    0.000
      	    0.000	    0.000	   -0.035	   -0.001
      	    0.000	    0.000	   -0.007	    0.000
      	   -0.003	    0.000	    0.000	    0.000
      	   -0.001	    0.000	    0.007	    0.000
      	    0.000	    0.000	    0.002	    0.000
      	    0.001	    0.000	    0.000	    0.000
      	    0.000	    0.000	   -0.002	    0.000
1290.0	    0.904	    0.182	    0.000	    0.000
      	    0.000	    0.000	    0.000	    0.000
      	   -0.817	   -0.164	    0.000	    0.000
      	    0.071	   -0.004	    0.000	    0.000
      	    0.181	   -0.013	   -1.163	   -0.252
      	   -0.083	    0.005	    0.799	    0.138
      	    0.006	    0.000	   -0.221	   -0.036
      	   -0.053	   -0.001	    0.059	    0.017
      	   -0.017	    0.000	    0.177	    0.021
      	    0.001	    0.000	    0.027	   -0.001
      	    0.010	    0.000	    0.003	    0.000
      	    0.000	    0.000	   -0.035	   -0.001
      	    0.000	    0.000	   -0.007	    0.000
      	   -0.003	    0.000	    0.000	    0.000
      	   -0.001	    0.000	    0.007	    0.000
      	    0.000	    0.000	    0.002	    0.000
      	    0.001	    0.000	    0.000	    0.000
      	    0.000	    0.000	   -0.002	    0.000
1295.0	    0.911	    0.185	    0.000	    0.000
      	    0.000	    0.000	    0.000	    0.000
      	   -0.805	   -0.163	    0.000	    0.000
      	    0.072	   -0.004	    0.000	    0.000
      	    0.178	   -0.013	   -1.162	   -0.278
      	   -0.084	    0.005	    0.790	    0.150
      	    0.006	    0.000	   -0.227	   -0.038
      	   -0.054	   -0.001	    0.062	    0.018
      	   -0.017	    0.000	    0.179	    0.022
      	    0.001	    0.000	    0.027	   -0.001
      	    0.010	    0.000	    0.003	    0.000
      	    0.000	    0.000	   -0.036	   -0.001
      	    0.000	    0.000	   -0.007	    0.000
      	   -0.003	    0.000	    0.000	    0.000
      	   -0.001	    0.000	    0.007	    0.000
      	    0.000	    0.000	    0.002	    0.000
      	    0.001	    0.000	    0.000	    0.000
      	    0.000	    0.000	   -0.002	    0.000
1300.0	    0.918	    0.189	    0.000	    0.000
      	    0.000	    0.000	    0.000	    0.000
      	   -0.794	   -0.163	    0.000	    0.000
      	    0.073	   -0.004	    0.000	    0.000
      	    0.175	   -0.013	   -1.159	   -0.306
      	   -0.086	    0.005	    0.780	    0.162
      	    0.006	    0.000	   -0.232	   -0.041
      	   -0.054	   -0.001	    0.065	    0.020
      	   -0.017	    0.000	    0.181	    0.024
      	    0.001	    0.000	    0.027	   -0.001
      	    0.010	    0.000	    0.003	    0.000
      	    0.000	    0.000	   -0.036	   -0.001
      	    0.000	    0.000	   -0.007	    0.000
      	   -0.003	    0.000	    0.000	    0.000
      	   -0.001	    0.000	    0.008	    0.000
      	    0.000	    0.000	    0.002	    0.000
      	    0.001	    0.000	    0.000	    0.000
      	    0.000	    0.000	   -0.002	    0.000
1305.0	    0.926	    0.192	    0.000	    0.000
      	    0.000	    0.000	    0.000	    0.000
      	   -0.783	   -0.162	    0.000	    0.000
      	    0.075	   -0.004	    0.000	    0.000
      	    0.172	   -0.014	   -1.155	   -0.335
      	   -0.087	    0.005	    0.768	    0.173
      	    0.007	    0.000	   -0.238	   -0.044
      	   -0.055	   -0.001	    0.069	    0.022
      	   -0.017	    0.000	    0.184	    0.025
      	    0.001	    0.000	    0.028	   -0.001
      	    0.010	    0.000	    0.003	    0.000
      	    0.000	    0.000	   -0.037	   -0.001
      	    0.000	    0.000	   -0.007	    0.000
      	   -0.003	    0.000	    0.001	    0.000
      	   -0.001	    0.000	    0.008	    0.000
      	    0.000	    0.000	    0.002	    0.000
      	    0.001	    0.000	    0.000	    0.000
      	    0.000	    0.000	   -0.002	    0.000
1310.0	    0.934	    0.196	    0.000	    0.000
      	    0.000	    0.000	    0.000	    0.000
      	   -0.772	   -0.162	    0.000	    0.000
      	    0.076	   -0.004	    0.000	    0.000
      	    0.169	   -0.014	   -1.148	   -0.365
      	   -0.089	    0.005	    0.756	    0.185
      	    0.007	    0.000	   -0.244	   -0.048
      	   -0.055	   -0.001	    0.072	    0.024
      	   -0.017	    0.000	    0.186	    0.027
      	    0.001	    0.000	    0.028	   -0.001
      	    0.010	    0.000	    0.003	    0.000
      	    0.000	    0.000	   -0.037	   -0.001
      	    0.000	    0.000	   -0.007	    0.000
      	   -0.003	    0.000	    0.001	    0.000
      	   -0.001	    0.000	    0.008	    0.000
      	    0.000	    0.000	    0.002	    0.000
      	    0.001	    0.000	    0.000	    0.000
      	    0.000	    0.000	   -0.002	    0.000
1315.0	    0.942	    0.200	    0.000	    0.000
      	    0.000	    0.000	    0.000	    0.000
      	   -0.761	   -0.161	    0.000	    0.000
      	    0.077	   -0.004	    0.000	    0.000
      	    0.165	   -0.014	   -1.138	   -0.397
      	   -0.090	    0.006	    0.742	    0.197
      	    0.007	    0.000	   -0.250	   -0.051
      	   -0.056	   -0.002	    0.075	    0.026
      	   -0.018	    0.000	    0.189	    0.029
      	    0.001	    0.000	    0.028	   -0.001
      	    0.010	    0.000	    0.004	    0.000
      	    0.000	    0.000	   -0.038	   -0.001
      	    0.000	    0.000	   -0.007	    0.000
      	   -0.003	    0.000	    0.001	    0.000
      	   -0.001	    0.000	    0.008	    0.000
      	    0.000	    0.000	    0.002	    0.000
      	    0.001	    0.000	    0.000	    0.000
      	    0.000	    0.000	   -0.002	    0.000
1320.0	    0.951	    0.204	    0.000	    0.000
      	    0.000	    0.000	    0.000	    0.000
      	   -0.751	   -0.161	    0.000	    0.000
      	    0.079	   -0.004	    0.000	    0.000
      	    0.162	   -0.014	   -1.125	   -0.429
      	   -0.092	    0.006	    0.727	    0.208
      	    0.007	    0.000	   -0.256	   -0.055
      	   -0.056	   -0.002	    0.079	    0.029
      	   -0.018	   -0.001	    0.192	    0.031
      	    0.001	    0.000	    0.028	   -0.001
      	    0.010	    0.000	    0.004	    0.000
      	    0.000	    0.000	   -0.038	   -0.001
      	    0.000	    0.000	   -0.008	    0.000
      	   -0.003	    0.000	    0.001	    0.000
      	   -0.001	    0.000	    0.008	    0.000
      	    0.000	    0.000	    0.002	    0.000
      	    0.001	    0.000	    0.000	    0.000
      	    0.000	    0.000	   -0.002	    0.000
1325.0	    0.959	    0.208	    0.000	    0.000
      	    0.000	    0.000	    0.000	    0.000
      	   -0.741	   -0.161	    0.000	    0.000
      	    0.080	   -0.004	    0.000	    0.000
      	    0.158	   -0.014	   -1.110	   -0.462
      	   -0.093	    0.006	    0.710	    0.218
      	    0.007	    0.000	   -0.262	   -0.059
      	   -0.057	   -0.002	    0.083	    0.032
      	   -0.018	   -0.001	    0.195	    0.033
      	    0.001	    0.000	    0.028	   -0.001
      	    0.010	    0.000	    0.004	    0.000
      	    0.000	    0.000	   -0.039	   -0.001
      	    0.000	    0.000	   -0.008	    0.000
      	   -0.003	    0.000	    0.001	    0.000
      	   -0.001	    0.000	    0.008	    0.000
      	    0.000	    0.000	    0.002	    0.000
      	    0.001	    0.000	    0.000	    0.000
      	    0.000	    0.000	   -0.002	    0.000
1330.0	    0.968	    0.213	    0.000	    0.000
      	    0.000	    0.000	    0.000	    0.000
      	   -0.732	   -0.160	    0.000	    0.000
      	    0.081	   -0.004	    0.000	    0.000
      	    0.155	   -0.014	   -1.090	   -0.496
      	   -0.095	    0.006	    0.691	    0.228
      	    0.007	    0.000	   -0.269	   -0.063
      	   -0.057	   -0.002	    0.087	    0.035
      	   -0.018	   -0.001	    0.198	    0.035
      	    0.001	    0.000	    0.028	   -0.001
      	    0.010	    0.000	    0.004	    0.000
      	   -0.001	    0.000	   -0.039	   -0.002
      	    0.000	    0.000	   -0.008	    0.000
      	   -0.003	    0.000	    0.001	    0.000
      	   -0.001	    0.000	    0.008	    0.000
      	    0.000	    0.000	    0.002	    0.000
      	    0.001	    0.000	    0.000	    0.000
      	    0.000	    0.000	   -0.002	    0.000
1335.0	    0.978	    0.217	    0.000	    0.000
      	    0.000	    0.000	    0.000	    0.000
      	   -0.722	   -0.160	    0.000	    0.000
      	    0.083	   -0.004	    0.000	    0.000
      	    0.151	   -0.014	   -1.066	   -0.529
      	   -0.096	    0.006	    0.672	    0.236
      	    0.007	    0.000	   -0.276	   -0.068
      	   -0.058	   -0.002	    0.092	    0.038
      	   -0.018	   -0.001	    0.201	    0.038
      	    0.001	    0.000	    0.028	   -0.001
      	    0.010	    0.000	    0.005	    0.000
      	   -0.001	    0.000	   -0.040	   -0.002
      	    0.000	    0.000	   -0.008	    0.000
      	   -0.003	    0.000	    0.001	    0.000
      	   -0.001	    0.000	    0.008	    0.000
      	    0.000	    0.000	    0.002	    0.000
      	    0.001	    0.000	    0.000	    0.000
      	    0.000	    0.000	   -0.002	    0.000
1340.0	    0.987	    0.222	    0.000	    0.000
      	    0.000	    0.000	    0.000	    0.000
      	   -0.713	   -0.160	    0.000	    0.000
      	    0.084	   -0.005	    0.000	    0.000
      	    0.148	   -0.014	   -1.039	   -0.561
      	   -0.098	    0.006	    0.651	    0.242
      	    0.007	    0.000	   -0.283	   -0.073
      	   -0.058	   -0.002	    0.096	    0.041
      	   -0.018	   -0.001	    0.204	    0.040
      	    0.001	    0.000	    0.028	   -0.002
      	    0.010	    0.000	    0.005	    0.000
      	   -0.001	    0.000	   -0.040	   -0.002
      	    0.000	    0.000	   -0.008	    0.000
      	   -0.003	    0.000	    0.001	    0.000
      	   -0.001	    0.000	    0.008	    0.000
      	    0.000	    0.000	    0.002	    0.000
      	    0.001	    0.000	    0.000	    0.000
      	    0.000	    0.000	   -0.002	    0.000
1345.0	    0.997	    0.227	    0.000	    0.000
      	    0.000	    0.000	    0.000	    0.000
      	   -0.705	   -0.161	    0.000	    0.000
      	    0.086	   -0.005	    0.000	    0.000
      	    0.144	   -0.015	   -1.008	   -0.592
      	   -0.099	    0.006	    0.629	    0.247
      	    0.007	    0.000	   -0.291	   -0.079
      	   -0.059	   -0.002	    0.101	    0.045
      	   -0.018	   -0.001	    0.208	    0.043
      	    0.001	    0.000	    0.028	   -0.002
      	    0.010	    0.000	    0.005	    0.000
      	   -0.001	    0.000	   -0.041	   -0.002
      	    0.000	    0.000	   -0.008	    0.000
      	   -0.003	    0.000	    0.001	    0.000
      	   -0.001	    0.000	    0.008	    0.000
      	    0.000	    0.000	    0.002	    0.000
      	    0.001	    0.000	    0.000	    0.000
      	    0.000	    0.000	   -0.002	    0.000
1350.0	    1.007	    0.233	    0.000	    0.000
      	    0.000	    0.000	    0.000	    0.000
      	   -0.697	   -0.161	    0.000	    0.000
      	    0.087	   -0.005	    0.000	    0.000
      	    0.140	   -0.015	   -0.973	   -0.621
      	   -0.101	    0.007	    0.606	    0.249
      	    0.008	    0.000	   -0.299	   -0.085
      	   -0.059	   -0.002	    0.106	    0.050
      	   -0.019	   -0.001	    0.211	    0.046
      	    0.001	    0.000	    0.028	   -0.002
      	    0.010	    0.000	    0.005	    0.000
      	   -0.001	    0.000	   -0.042	   -0.002
      	    0.000	    0.000	   -0.008	    0.000
      	   -0.003	    0.000	    0.001	    0.000
      	   -0.001	    0.000	    0.008	    0.000
      	    0.000	    0.000	    0.002	    0.000
      	    0.001	    0.000	    0.000	    0.000
      	    0.000	    0.000	   -0.002	    0.000
1355.0	    1.018	    0.239	    0.000	    0.000
      	    0.000	    0.000	    0.000	    0.000
      	   -0.689	   -0.161	    0.000	    0.000
      	    0.089	   -0.005	    0.000	    0.000
      	    0.136	   -0.015	   -0.935	   -0.648
      	   -0.102	    0.007	    0.583	    0.250
      	    0.008	    0.000	   -0.307	   -0.091
      	   -0.060	   -0.002	    0.111	    0.054
      	   -0.019	   -0.001	    0.215	    0.049
      	    0.001	    0.000	    0.028	   -0.002
      	    0.010	    0.000	    0.006	    0.000
      	   -0.001	    0.000	   -0.042	   -0.002
      	    0.000	    0.000	   -0.008	    0.000
      	   -0.003	    0.000	    0.001	    0.000
      	   -0.001	    0.000	    0.008	    0.000
      	    0.000	    0.000	    0.002	    0.000
      	    0.001	    0.000	    0.000	    0.000
      	    0.000	    0.000	   -0.002	    0.000
1360.0	    1.029	    0.245	    0.000	    0.000
      	    0.000	    0.000	    0.000	    0.000
      	   -0.681	   -0.162	    0.000	    0.000
      	    0.090	   -0.005	    0.000	    0.000
      	    0.132	   -0.015	   -0.893	   -0.671
      	   -0.104	    0.007	    0.559	    0.247
      	    0.008	    0.000	   -0.315	   -0.098
      	   -0.061	   -0.002	    0.117	    0.059
      	   -0.019	   -0.001	    0.219	    0.053
      	    0.001	    0.000	    0.028	   -0.002
      	    0.010	    0.000	    0.006	    0.000
      	   -0.001	    0.000	   -0.043	   -0.002
      	    0.000	    0.000	   -0.008	    0.000
      	   -0.003	    0.000	    0.001	    0.000
      	   -0.001	    0.000	    0.008	    0.000
      	    0.000	    0.000	    0.002	    0.000
      	    0.001	    0.000	    0.000	    0.000
      	    0.000	    0.000	   -0.002	    0.000
1365.0	    1.040	    0.251	    0.000	    0.000
      	    0.000	    0.000	    0.000	    0.000
      	   -0.674	   -0.163	    0.000	    0.000
      	    0.092	   -0.005	    0.000	    0.000
      	    0.128	   -0.015	   -0.850	   -0.691
      	   -0.105	    0.007	    0.536	    0.243
      	    0.008	    0.000	   -0.324	   -0.106
      	   -0.061	   -0.002	    0.123	    0.065
      	   -0.019	   -0.001	    0.223	    0.056
      	    0.001	    0.000	    0.027	   -0.002
      	    0.010	    0.000	    0.006	    0.000
      	   -0.001	    0.000	   -0.043	   -0.003
      	    0.000	    0.000	   -0.008	    0.000
      	   -0.003	    0.000	    0.001	    0.000
      	   -0.001	    0.000	    0.008	    0.000
      	    0.000	    0.000	    0.002	    0.000
      	    0.001	    0.000	    0.000	    0.000
      	    0.000	    0.000	   -0.002	    0.000
1370.0	    1.052	    0.258	    0.000	    0.000
      	    0.000	    0.000	    0.000	    0.000
      	   -0.667	   -0.164	    0.000	    0.000
      	    0.093	   -0.005	    0.000	    0.000
      	    0.124	   -0.015	   -0.804	   -0.706
      	   -0.106	    0.007	    0.514	    0.236
      	    0.008	    0.000	   -0.333	   -0.114
      	   -0.062	   -0.002	    0.129	    0.071
      	   -0.019	   -0.001	    0.228	    0.060
      	    0.001	    0.000	    0.027	   -0.002
      	    0.010	    0.000	    0.007	    0.000
      	   -0.001	    0.000	   -0.044	   -0.003
      	    0.000	    0.000	   -0.008	    0.000
      	   -0.003	    0.000	    0.001	    0.000
      	   -0.001	    0.000	    0.008	    0.000
      	    0.000	    0.000	    0.002	    0.000
      	    0.001	    0.000	    0.000	    0.000
      	    0.000	    0.000	   -0.002	    0.000
1375.0	    1.063	    0.266	    0.000	    0.000
      	    0.000	    0.000	    0.000	    0.000
      	   -0.660	   -0.165	    0.000	    0.000
      	    0.095	   -0.005	    0.000	    0.000
      	    0.120	   -0.015	   -0.759	   -0.717
      	   -0.108	    0.007	    0.494	    0.226
      	    0.008	    0.000	   -0.343	   -0.123
      	   -0.062	   -0.003	    0.135	    0.078
      	   -0.019	   -0.001	    0.232	    0.065
      	    0.001	    0.000	    0.027	   -0.002
      	    0.010	    0.000	    0.007	    0.000
      	   -0.001	    0.000	   -0.045	   -0.003
      	    0.000	    0.000	   -0.009	    0.000
      	   -0.003	    0.000	    0.001	    0.000
      	   -0.001	    0.000	    0.008	    0.000
      	    0.000	    0.000	    0.002	    0.000
      	    0.001	    0.000	    0.000	    0.000
      	    0.000	    0.000	   -0.002	    0.000
1380.0	    1.076	    0.274	    0.000	    0.000
      	    0.000	    0.000	    0.000	    0.000
      	   -0.654	   -0.167	    0.000	    0.000
      	    0.097	   -0.005	    0.000	    0.000
      	    0.116	   -0.015	   -0.713	   -0.724
      	   -0.109	    0.007	    0.475	    0.216
      	    0.008	    0.000	   -0.353	   -0.132
      	   -0.063	   -0.003	    0.142	    0.085
      	   -0.020	   -0.001	    0.237	    0.070
      	    0.001	    0.000	    0.027	   -0.002
      	    0.010	    0.000	    0.008	    0.000
      	   -0.001	    0.000	   -0.046	   -0.003
      	    0.000	    0.000	   -0.009	    0.000
      	   -0.003	    0.000	    0.001	    0.000
      	   -0.001	    0.000	    0.008	    0.000
      	    0.000	    0.000	    0.002	    0.000
      	    0.001	    0.000	    0.000	    0.000
      	    0.000	    0.000	   -0.002	    0.000
1385.0	    1.089	    0.282	    0.000	    0.000
      	    0.000	    0.000	    0.000	    0.000
      	   -0.648	   -0.168	    0.000	    0.000
      	    0.098	   -0.004	    0.000	    0.000
      	    0.112	   -0.015	   -0.668	   -0.726
      	   -0.111	    0.007	    0.457	    0.203
      	    0.008	    0.000	   -0.363	   -0.143
      	   -0.063	   -0.003	    0.149	    0.093
      	   -0.020	   -0.001	    0.242	    0.075
      	    0.001	    0.000	    0.027	   -0.002
      	    0.010	    0.000	    0.008	    0.000
      	   -0.001	    0.000	   -0.046	   -0.004
      	    0.000	    0.000	   -0.009	    0.000
      	   -0.003	    0.000	    0.001	    0.000
      	   -0.001	    0.000	    0.008	    0.000
      	    0.000	    0.000	    0.002	    0.000
      	    0.001	    0.000	    0.000	    0.000
      	    0.000	    0.000	   -0.002	    0.000
1390.0	    1.102	    0.291	    0.000	    0.000
      	    0.000	    0.000	    0.000	    0.000
      	   -0.643	   -0.170	    0.000	    0.000
      	    0.100	   -0.004	    0.000	    0.000
      	    0.107	   -0.015	   -0.624	   -0.724
      	   -0.112	    0.007	    0.442	    0.190
      	    0.008	    0.000	   -0.373	   -0.155
      	   -0.064	   -0.003	    0.156	    0.102
      	   -0.020	   -0.001	    0.247	    0.081
      	    0.001	    0.000	    0.026	   -0.003
      	    0.010	    0.000	    0.008	    0.000
      	   -0.001	    0.000	   -0.047	   -0.004
      	    0.000	    0.000	   -0.009	    0.000
      	   -0.003	    0.000	    0.001	    0.000
      	   -0.001	    0.000	    0.008	    0.000
      	    0.000	    0.000	    0.002	    0.000
      	    0.001	    0.000	    0.000	    0.000
      	    0.000	    0.000	   -0.002	    0.000
1395.0	    1.116	    0.301	    0.000	    0.000
      	    0.000	    0.000	    0.000	    0.000
      	   -0.637	   -0.173	    0.000	    0.000
      	    0.102	   -0.004	    0.000	    0.000
      	    0.103	   -0.016	   -0.582	   -0.719
      	   -0.114	    0.007	    0.429	    0.175
      	    0.008	    0.000	   -0.384	   -0.168
      	   -0.064	   -0.003	    0.163	    0.112
      	   -0.020	   -0.001	    0.252	    0.087
      	    0.001	    0.000	    0.026	   -0.003
      	    0.010	    0.000	    0.009	    0.000
      	   -0.001	    0.000	   -0.048	   -0.004
      	    0.000	    0.000	   -0.009	    0.000
      	   -0.003	    0.000	    0.001	    0.000
      	   -0.001	    0.000	    0.008	    0.000
      	    0.000	    0.000	    0.002	    0.000
      	    0.001	    0.000	    0.000	    0.000
      	    0.000	    0.000	   -0.002	    0.000
1400.0	    1.130	    0.312	    0.000	    0.000
      	    0.000	    0.000	    0.000	    0.000
      	   -0.633	   -0.176	    0.000	    0.000
      	    0.104	   -0.004	    0.000	    0.000
      	    0.099	   -0.016	   -0.543	   -0.710
      	   -0.115	    0.007	    0.418	    0.161
      	    0.008	    0.000	   -0.396	   -0.182
      	   -0.065	   -0.003	    0.171	    0.123
      	   -0.020	   -0.001	    0.258	    0.094
      	    0.001	    0.000	    0.026	   -0.003
      	    0.010	    0.000	    0.009	    0.000
      	   -0.001	    0.000	   -0.049	   -0.004
      	    0.000	    0.000	   -0.009	    0.000
      	   -0.003	    0.000	    0.001	    0.000
      	   -0.001	    0.000	    0.008	    0.000
      	    0.000	    0.000	    0.002	    0.000
      	    0.001	    0.000	    0.000	    0.000
      	    0.000	    0.000	   -0.003	    0.000
1405.0	    1.145	    0.323	    0.000	    0.000
      	    0.000	    0.000	    0.000	    0.000
      	   -0.629	   -0.179	    0.000	    0.000
      	    0.106	   -0.004	    0.000	    0.000
      	    0.094	   -0.016	   -0.506	   -0.698
      	   -0.117	    0.007	    0.409	    0.146
      	    0.009	    0.000	   -0.407	   -0.197
      	   -0.066	   -0.003	    0.179	    0.135
      	   -0.020	   -0.001	    0.263	    0.102
      	    0.001	    0.000	    0.025	   -0.003
      	    0.010	    0.000	    0.010	    0.000
      	   -0.001	    0.000	   -0.050	   -0.005
      	    0.000	    0.000	   -0.009	    0.000
      	   -0.003	    0.000	    0.001	    0.000
      	   -0.001	    0.000	    0.008	    0.000
      	    0.000	    0.000	    0.003	    0.000
      	    0.001	    0.000	    0.000	    0.000
      	    0.000	    0.000	   -0.003	    0.000
1410.0	    1.161	    0.335	    0.000	    0.000
      	    0.000	    0.000	    0.000	    0.000
      	   -0.625	   -0.182	    0.000	    0.000
      	    0.108	   -0.004	    0.000	    0.000
      	    0.089	   -0.016	   -0.472	   -0.685
      	   -0.119	    0.007	    0.401	    0.132
      	    0.009	    0.000	   -0.419	   -0.215
      	   -0.066	   -0.003	    0.187	    0.148
      	   -0.020	   -0.001	    0.269	    0.110
      	    0.001	    0.000	    0.025	   -0.003
      	    0.010	    0.000	    0.010	    0.000
      	   -0.001	    0.000	   -0.051	   -0.005
      	    0.000	    0.000	   -0.009	    0.000
      	   -0.003	    0.000	    0.001	    0.000
      	   -0.001	    0.000	    0.008	    0.000
      	    0.000	    0.000	    0.003	    0.000
      	    0.001	    0.000	    0.000	    0.000
      	    0.000	    0.000	   -0.003	    0.000
1415.0	    1.177	    0.349	    0.000	    0.000
      	    0.000	    0.000	    0.000	    0.000
      	   -0.622	   -0.186	    0.000	    0.000
      	    0.110	   -0.004	    0.000	    0.000
      	    0.085	   -0.016	   -0.440	   -0.669
      	   -0.120	    0.007	    0.396	    0.118
      	    0.009	    0.001	   -0.431	   -0.234
      	   -0.067	   -0.004	    0.196	    0.163
      	   -0.020	   -0.001	    0.275	    0.119
      	    0.002	    0.000	    0.024	   -0.003
      	    0.010	    0.000	    0.011	    0.000
      	   -0.002	    0.000	   -0.052	   -0.005
      	    0.000	    0.000	   -0.009	    0.000
      	   -0.003	    0.000	    0.001	    0.000
      	   -0.001	    0.000	    0.008	    0.000
      	    0.000	    0.000	    0.003	    0.000
      	    0.001	    0.000	    0.000	    0.000
      	    0.000	    0.000	   -0.003	    0.000
1420.0	    1.194	    0.363	    0.000	    0.000
      	    0.000	    0.000	    0.000	    0.000
      	   -0.620	   -0.191	    0.000	    0.000
      	    0.112	   -0.003	    0.000	    0.000
      	    0.080	   -0.016	   -0.411	   -0.652
      	   -0.122	    0.007	    0.391	    0.105
      	    0.009	    0.001	   -0.443	   -0.255
      	   -0.067	   -0.004	    0.204	    0.180
      	   -0.021	   -0.001	    0.281	    0.130
      	    0.002	    0.000	    0.024	   -0.004
      	    0.010	    0.000	    0.012	    0.000
      	   -0.002	    0.000	   -0.053	   -0.006
      	    0.000	    0.000	   -0.009	    0.000
      	   -0.003	    0.000	    0.001	    0.000
      	   -0.001	    0.000	    0.008	    0.000
      	    0.000	    0.000	    0.003	    0.000
      	    0.001	    0.000	    0.000	    0.000
      	    0.000	    0.000	   -0.003	    0.000
1425.0	    1.211	    0.379	    0.000	    0.000
      	    0.000	    0.000	    0.000	    0.000
      	   -0.618	   -0.196	    0.000	    0.000
      	    0.114	   -0.003	    0.000	    0.000
      	    0.075	   -0.017	   -0.385	   -0.634
      	   -0.123	    0.006	    0.388	    0.093
      	    0.009	    0.001	   -0.455	   -0.279
      	   -0.068	   -0.004	    0.212	    0.198
      	   -0.021	   -0.001	    0.287	    0.141
      	    0.002	    0.000	    0.023	   -0.004
      	    0.010	    0.000	    0.012	    0.000
      	   -0.002	    0.000	   -0.054	   -0.006
      	    0.000	    0.000	   -0.009	    0.000
      	   -0.003	    0.000	    0.001	    0.000
      	   -0.001	    0.000	    0.008	    0.000
      	    0.000	    0.000	    0.003	    0.000
      	    0.001	    0.000	    0.000	    0.000
      	    0.000	    0.000	   -0.003	    0.000
1430.0	    1.230	    0.396	    0.000	    0.000
      	    0.000	    0.000	    0.000	    0.000
      	   -0.617	   -0.202	    0.000	    0.000
      	    0.116	   -0.003	    0.000	    0.000
      	    0.070	   -0.017	   -0.362	   -0.616
      	   -0.125	    0.006	    0.386	    0.082
      	    0.009	    0.001	   -0.467	   -0.305
      	   -0.069	   -0.004	    0.219	    0.219
      	   -0.021	   -0.001	    0.293	    0.154
      	    0.002	    0.000	    0.023	   -0.004
      	    0.010	    0.000	    0.013	    0.000
      	   -0.002	    0.000	   -0.055	   -0.007
      	    0.000	    0.000	   -0.009	    0.000
      	   -0.003	    0.000	    0.001	    0.000
      	   -0.001	    0.000	    0.008	    0.000
      	    0.000	    0.000	    0.003	    0.000
      	    0.001	    0.000	    0.000	    0.000
      	    0.000	    0.000	   -0.003	    0.000
1435.0	    1.249	    0.416	    0.000	    0.000
      	    0.000	    0.000	    0.000	    0.000
      	   -0.616	   -0.209	    0.000	    0.000
      	    0.118	   -0.002	    0.000	    0.000
      	    0.065	   -0.017	   -0.340	   -0.597
      	   -0.127	    0.006	    0.384	    0.071
      	    0.009	    0.001	   -0.478	   -0.334
      	   -0.069	   -0.004	    0.226	    0.242
      	   -0.021	   -0.001	    0.299	    0.169
      	    0.002	    0.000	    0.022	   -0.004
      	    0.010	    0.000	    0.013	    0.000
      	   -0.002	    0.000	   -0.056	   -0.007
      	    0.000	    0.000	   -0.009	    0.000
      	   -0.004	    0.000	    0.001	    0.000
      	   -0.001	    0.000	    0.008	    0.000
      	    0.000	    0.000	    0.003	    0.000
      	    0.001	    0.000	    0.000	    0.000
      	    0.000	    0.000	   -0.003	    0.000
1440.0	    1.269	    0.437	    0.000	    0.000
      	    0.000	    0.000	    0.000	    0.000
      	   -0.617	   -0.217	    0.000	    0.000
      	    0.120	   -0.002	    0.000	    0.000
      	    0.060	   -0.017	   -0.321	   -0.578
      	   -0.128	    0.006	    0.383	    0.061
      	    0.009	    0.001	   -0.488	   -0.367
      	   -0.070	   -0.004	    0.233	    0.268
      	   -0.021	   -0.001	    0.304	    0.185
      	    0.002	    0.000	    0.021	   -0.005
      	    0.010	    0.000	    0.014	    0.000
      	   -0.002	    0.000	   -0.058	   -0.008
      	    0.000	    0.000	   -0.009	    0.000
      	   -0.004	    0.000	    0.002	    0.000
      	   -0.001	    0.000	    0.008	    0.000
      	    0.000	    0.000	    0.003	    0.000
      	    0.001	    0.000	    0.000	    0.000
      	    0.000	    0.000	   -0.003	    0.000
1445.0	    1.290	    0.461	    0.000	    0.000
      	    0.000	    0.000	    0.000	    0.000
      	   -0.618	   -0.226	    0.000	    0.000
      	    0.123	   -0.001	    0.000	    0.000
      	    0.055	   -0.018	   -0.303	   -0.559
      	   -0.130	    0.005	    0.383	    0.053
      	    0.009	    0.001	   -0.496	   -0.403
      	   -0.071	   -0.005	    0.237	    0.296
      	   -0.021	   -0.001	    0.309	    0.203
      	    0.002	    0.000	    0.021	   -0.005
      	    0.010	    0.000	    0.015	    0.000
      	   -0.002	    0.000	   -0.059	   -0.008
      	    0.000	    0.000	   -0.010	    0.000
      	   -0.004	    0.000	    0.002	    0.000
      	   -0.001	    0.000	    0.008	    0.000
      	    0.000	    0.000	    0.003	    0.000
      	    0.001	    0.000	    0.000	    0.000
      	    0.000	    0.000	   -0.003	    0.000
1450.0	    1.312	    0.488	    0.000	    0.000
      	    0.000	    0.000	    0.000	    0.000
      	   -0.620	   -0.236	    0.000	    0.000
      	    0.125	   -0.001	    0.000	    0.000
      	    0.050	   -0.018	   -0.288	   -0.540
      	   -0.132	    0.005	    0.384	    0.044
      	    0.009	    0.001	   -0.503	   -0.444
      	   -0.072	   -0.005	    0.240	    0.328
      	   -0.021	   -0.002	    0.313	    0.223
      	    0.002	    0.000	    0.020	   -0.005
      	    0.010	    0.000	    0.016	    0.000
      	   -0.002	    0.000	   -0.060	   -0.009
      	    0.000	    0.000	   -0.010	    0.000
      	   -0.004	    0.000	    0.002	    0.000
      	   -0.001	    0.000	    0.008	    0.000
      	    0.000	    0.000	    0.003	    0.000
      	    0.001	    0.000	    0.000	    0.000
      	    0.000	    0.000	   -0.003	    0.000
1455.0	    1.334	    0.518	    0.000	    0.000
      	    0.000	    0.000	    0.000	    0.000
      	   -0.623	   -0.249	    0.000	    0.000
      	    0.127	    0.000	    0.000	    0.000
      	    0.045	   -0.019	   -0.274	   -0.521
      	   -0.134	    0.005	    0.384	    0.037
      	    0.009	    0.001	   -0.506	   -0.488
      	   -0.072	   -0.005	    0.241	    0.362
      	   -0.021	   -0.002	    0.315	    0.245
      	    0.002	    0.000	    0.019	   -0.006
      	    0.010	    0.000	    0.016	    0.001
      	   -0.002	    0.000	   -0.062	   -0.009
      	    0.000	    0.000	   -0.010	    0.000
      	   -0.004	    0.000	    0.002	    0.000
      	   -0.001	    0.000	    0.008	    0.000
      	    0.000	    0.000	    0.003	    0.000
      	    0.001	    0.000	    0.000	    0.000
      	    0.000	    0.000	   -0.003	    0.000
1460.0	    1.357	    0.552	    0.000	    0.000
      	    0.000	    0.000	    0.000	    0.000
      	   -0.626	   -0.263	    0.000	    0.000
      	    0.130	    0.001	    0.000	    0.000
      	    0.039	   -0.019	   -0.261	   -0.504
      	   -0.136	    0.004	    0.385	    0.031
      	    0.009	    0.001	   -0.505	   -0.537
      	   -0.073	   -0.005	    0.237	    0.400
      	   -0.022	   -0.002	    0.315	    0.269
      	    0.002	    0.000	    0.018	   -0.006
      	    0.009	    0.000	    0.017	    0.001
      	   -0.002	    0.000	   -0.063	   -0.010
      	    0.000	    0.000	   -0.010	    0.000
      	   -0.004	    0.000	    0.002	    0.000
      	   -0.001	    0.000	    0.008	    0.000
      	    0.000	    0.000	    0.003	    0.000
      	    0.001	    0.000	    0.000	    0.000
      	    0.000	    0.000	   -0.003	    0.000
1465.0	    1.380	    0.592	    0.000	    0.000
      	    0.000	    0.000	    0.000	    0.000
      	   -0.630	   -0.280	    0.000	    0.000
      	    0.132	    0.001	    0.000	    0.000
      	    0.034	   -0.020	   -0.250	   -0.486
      	   -0.137	    0.004	    0.385	    0.025
      	    0.010	    0.001	   -0.499	   -0.590
      	   -0.074	   -0.006	    0.230	    0.441
      	   -0.022	   -0.002	    0.313	    0.296
      	    0.002	    0.000	    0.017	   -0.006
      	    0.009	    0.000	    0.018	    0.001
      	   -0.002	    0.000	   -0.065	   -0.011
      	    0.000	    0.000	   -0.010	    0.000
      	   -0.004	    0.000	    0.002	    0.000
      	   -0.001	    0.000	    0.008	    0.000
      	    0.000	    0.000	    0.003	    0.000
      	    0.001	    0.000	    0.000	    0.000
      	    0.000	    0.000	   -0.003	    0.000
1470.0	    1.405	    0.637	    0.000	    0.000
      	    0.000	    0.000	    0.000	    0.000
      	   -0.636	   -0.301	    0.000	    0.000
      	    0.135	    0.002	    0.000	    0.000
      	    0.028	   -0.020	   -0.240	   -0.469
      	   -0.139	    0.003	    0.386	    0.019
      	    0.010	    0.001	   -0.486	   -0.647
      	   -0.075	   -0.006	    0.217	    0.485
      	   -0.022	   -0.002	    0.307	    0.324
      	    0.002	    0.000	    0.016	   -0.007
      	    0.009	    0.000	    0.019	    0.001
      	   -0.002	    0.000	   -0.066	   -0.012
      	    0.000	    0.000	   -0.010	    0.000
      	   -0.004	    0.000	    0.002	    0.000
      	   -0.001	    0.000	    0.008	    0.000
      	    0.000	    0.000	    0.003	    0.000
      	    0.001	    0.000	    0.000	    0.000
      	    0.000	    0.000	   -0.003	    0.000
1475.0	    1.430	    0.691	    0.000	    0.000
      	    0.000	    0.000	    0.000	    0.000
      	   -0.643	   -0.326	    0.000	    0.000
      	    0.138	    0.003	    0.000	    0.000
      	    0.022	   -0.021	   -0.230	   -0.453
      	   -0.141	    0.002	    0.388	    0.014
      	    0.010	    0.001	   -0.464	   -0.706
      	   -0.075	   -0.006	    0.198	    0.531
      	   -0.022	   -0.002	    0.297	    0.355
      	    0.002	    0.000	    0.015	   -0.007
      	    0.009	    0.000	    0.020	    0.001
      	   -0.002	    0.000	   -0.068	   -0.012
      	    0.000	    0.000	   -0.010	    0.000
      	   -0.004	    0.000	    0.002	    0.000
      	   -0.001	    0.000	    0.008	    0.000
      	    0.000	    0.000	    0.003	    0.000
      	    0.001	    0.000	    0.000	    0.000
      	    0.000	    0.000	   -0.003	    0.000
1480.0	    1.444	    0.754	    0.000	    0.000
      	    0.000	    0.000	    0.000	    0.000
      	   -0.646	   -0.355	    0.000	    0.000
      	    0.141	    0.004	    0.000	    0.000
      	    0.017	   -0.022	   -0.221	   -0.437
      	   -0.143	    0.002	    0.389	    0.009
      	    0.010	    0.001	   -0.433	   -0.768
      	   -0.076	   -0.007	    0.170	    0.577
      	   -0.022	   -0.002	    0.282	    0.386
      	    0.002	    0.000	    0.014	   -0.008
      	    0.009	    0.000	    0.021	    0.002
      	   -0.002	    0.000	   -0.070	   -0.013
      	    0.000	    0.000	   -0.010	    0.000
      	   -0.004	    0.000	    0.002	    0.000
      	   -0.001	    0.000	    0.008	    0.000
      	    0.000	    0.000	    0.003	    0.000
      	    0.001	    0.000	    0.000	    0.000
      	    0.000	    0.000	   -0.003	    0.000
1485.0	    1.439	    0.822	    0.000	    0.000
      	    0.000	    0.000	    0.000	    0.000
      	   -0.644	   -0.389	    0.000	    0.000
      	    0.143	    0.005	    0.000	    0.000
      	    0.011	   -0.022	   -0.214	   -0.422
      	   -0.145	    0.001	    0.391	    0.005
      	    0.010	    0.001	   -0.390	   -0.828
      	   -0.077	   -0.007	    0.134	    0.623
      	   -0.022	   -0.002	    0.262	    0.417
      	    0.002	    0.000	    0.013	   -0.008
      	    0.009	    0.000	    0.022	    0.002
      	   -0.002	    0.000	   -0.072	   -0.014
      	    0.000	    0.000	   -0.010	    0.000
      	   -0.004	    0.000	    0.002	    0.000
      	   -0.001	    0.000	    0.008	    0.000
      	    0.000	    0.000	    0.003	    0.000
      	    0.001	    0.000	    0.000	    0.000
      	    0.000	    0.000	   -0.003	    0.000
1490.0	    1.351	    0.915	    0.000	    0.000
      	    0.000	    0.000	    0.000	    0.000
      	   -0.591	   -0.442	    0.000	    0.000
      	    0.146	    0.006	    0.000	    0.000
      	    0.005	   -0.023	   -0.207	   -0.407
      	   -0.147	    0.000	    0.392	    0.001
      	    0.010	    0.001	   -0.335	   -0.886
      	   -0.078	   -0.007	    0.088	    0.666
      	   -0.022	   -0.002	    0.235	    0.446
      	    0.002	    0.000	    0.012	   -0.009
      	    0.009	    0.000	    0.023	    0.002
      	   -0.002	    0.000	   -0.074	   -0.015
      	    0.000	    0.000	   -0.010	    0.000
      	   -0.004	    0.000	    0.002	    0.000
      	   -0.001	    0.000	    0.008	    0.000
      	    0.000	    0.000	    0.003	    0.000
      	    0.001	    0.000	    0.000	    0.000
      	    0.000	    0.000	   -0.003	    0.000
1495.0	    1.280	    0.973	    0.000	    0.000
      	    0.000	    0.000	    0.000	    0.000
      	   -0.546	   -0.479	    0.000	    0.000
      	    0.149	    0.008	    0.000	    0.000
      	   -0.002	   -0.024	   -0.200	   -0.393
      	   -0.149	   -0.001	    0.393	   -0.003
      	    0.010	    0.001	   -0.268	   -0.936
      	   -0.079	   -0.008	    0.033	    0.702
      	   -0.022	   -0.002	    0.203	    0.472
      	    0.002	    0.000	    0.011	   -0.009
      	    0.009	    0.000	    0.025	    0.003
      	   -0.003	    0.000	   -0.076	   -0.017
      	    0.000	    0.000	   -0.010	    0.000
      	   -0.004	    0.000	    0.002	    0.000
      	   -0.001	    0.000	    0.008	    0.000
      	    0.000	    0.000	    0.003	    0.000
      	    0.001	    0.000	    0.000	    0.000
      	    0.000	    0.000	   -0.003	    0.000
1500.0	    1.219	    1.016	    0.000	    0.000
      	    0.000	    0.000	    0.000	    0.000
      	   -0.505	   -0.510	    0.000	    0.000
      	    0.152	    0.009	    0.000	    0.000
      	   -0.008	   -0.026	   -0.194	   -0.380
      	   -0.151	   -0.002	    0.394	   -0.006
      	    0.010	    0.001	   -0.191	   -0.977
      	   -0.080	   -0.008	   -0.030	    0.731
      	   -0.022	   -0.002	    0.164	    0.494
      	    0.002	    0.000	    0.009	   -0.010
      	    0.009	    0.000	    0.026	    0.003
      	   -0.003	    0.000	   -0.078	   -0.018
      	    0.000	    0.000	   -0.010	    0.000
      	   -0.004	    0.000	    0.002	    0.000
      	   -0.001	    0.000	    0.008	    0.000
      	    0.000	    0.000	    0.003	    0.000
      	    0.001	    0.000	    0.000	    0.000
      	    0.000	    0.000	   -0.003	    0.000
1505.0	    1.154	    1.054	    0.000	    0.000
      	    0.000	    0.000	    0.000	    0.000
      	   -0.459	   -0.538	    0.000	    0.000
      	    0.155	    0.011	    0.000	    0.000
      	   -0.014	   -0.027	   -0.188	   -0.367
      	   -0.153	   -0.003	    0.396	   -0.009
      	    0.010	    0.001	   -0.104	   -1.004
      	   -0.081	   -0.009	   -0.099	    0.748
      	   -0.022	   -0.002	    0.122	    0.508
      	    0.002	    0.000	    0.008	   -0.011
      	    0.009	    0.000	    0.027	    0.003
      	   -0.003	    0.000	   -0.081	   -0.019
      	    0.000	    0.000	   -0.010	    0.000
      	   -0.004	    0.000	    0.002	    0.000
      	   -0.001	    0.000	    0.008	    0.000
      	    0.000	    0.000	    0.003	    0.000
      	    0.001	    0.000	    0.000	    0.000
      	    0.000	    0.000	   -0.003	    0.000
1510.0	    1.083	    1.085	    0.000	    0.000
      	    0.000	    0.000	    0.000	    0.000
      	   -0.409	   -0.562	    0.000	    0.000
      	    0.158	    0.012	    0.000	    0.000
      	   -0.021	   -0.028	   -0.183	   -0.354
      	   -0.155	   -0.005	    0.397	   -0.012
      	    0.010	    0.001	   -0.014	   -1.015
      	   -0.082	   -0.009	   -0.172	    0.753
      	   -0.022	   -0.002	    0.076	    0.515
      	    0.002	    0.000	    0.006	   -0.012
      	    0.009	    0.000	    0.029	    0.004
      	   -0.003	    0.000	   -0.083	   -0.021
      	    0.000	    0.000	   -0.010	    0.000
      	   -0.004	    0.000	    0.002	    0.000
      	   -0.001	    0.000	    0.008	    0.000
      	    0.000	    0.000	    0.003	    0.000
      	    0.001	    0.000	    0.000	    0.000
      	    0.000	    0.000	   -0.003	    0.000
1515.0	    1.009	    1.102	    0.000	    0.000
      	    0.000	    0.000	    0.000	    0.000
      	   -0.354	   -0.578	    0.000	    0.000
      	    0.162	    0.014	    0.000	    0.000
      	   -0.028	   -0.030	   -0.178	   -0.342
      	   -0.158	   -0.006	    0.397	   -0.015
      	    0.010	    0.001	    0.078	   -1.009
      	   -0.083	   -0.010	   -0.244	    0.745
      	   -0.022	   -0.003	    0.031	    0.513
      	    0.002	    0.000	    0.005	   -0.013
      	    0.009	    0.000	    0.030	    0.004
      	   -0.003	    0.000	   -0.086	   -0.023
      	    0.000	    0.000	   -0.010	    0.000
      	   -0.004	    0.000	    0.002	    0.000
      	   -0.001	    0.000	    0.008	    0.000
      	    0.000	    0.000	    0.003	    0.000
      	    0.001	    0.000	    0.000	    0.000
      	    0.000	    0.000	   -0.003	    0.000
1520.0	    0.936	    1.105	    0.000	    0.000
      	    0.000	    0.000	    0.000	    0.000
      	   -0.297	   -0.586	    0.000	    0.000
      	    0.165	    0.016	    0.000	    0.000
      	   -0.035	   -0.032	   -0.174	   -0.331
      	   -0.160	   -0.007	    0.398	   -0.017
      	    0.010	    0.001	    0.165	   -0.988
      	   -0.084	   -0.011	   -0.312	    0.725
      	   -0.023	   -0.003	   -0.013	    0.504
      	    0.002	    0.000	    0.003	   -0.014
      	    0.009	    0.000	    0.032	    0.005
      	   -0.003	    0.000	   -0.088	   -0.025
      	    0.000	    0.000	   -0.010	    0.000
      	   -0.004	    0.000	    0.002	    0.000
      	   -0.001	    0.000	    0.008	    0.000
      	    0.000	    0.000	    0.003	    0.000
      	    0.001	    0.000	    0.000	    0.000
      	    0.000	    0.000	   -0.003	    0.000
1525.0	    0.865	    1.093	    0.000	    0.000
      	    0.000	    0.000	    0.000	    0.000
      	   -0.240	   -0.584	    0.000	    0.000
      	    0.168	    0.018	    0.000	    0.000
      	   -0.042	   -0.034	   -0.169	   -0.320
      	   -0.162	   -0.009	    0.400	   -0.020
      	    0.010	    0.001	    0.244	   -0.954
      	   -0.085	   -0.011	   -0.374	    0.694
      	   -0.023	   -0.003	   -0.053	    0.488
      	    0.002	    0.000	    0.001	   -0.015
      	    0.009	    0.000	    0.033	    0.006
      	   -0.003	    0.000	   -0.091	   -0.027
      	    0.000	    0.000	   -0.010	    0.000
      	   -0.004	    0.000	    0.002	    0.000
      	   -0.001	    0.000	    0.008	    0.000
      	    0.000	    0.000	    0.003	    0.000
      	    0.001	    0.000	    0.000	    0.000
      	    0.000	    0.000	   -0.003	    0.000
1530.0	    0.801	    1.069	    0.000	    0.000
      	    0.000	    0.000	    0.000	    0.000
      	   -0.186	   -0.573	    0.000	    0.000
      	    0.171	    0.021	    0.000	    0.000
      	   -0.049	   -0.036	   -0.166	   -0.309
      	   -0.164	   -0.011	    0.401	   -0.023
      	    0.010	    0.001	    0.312	   -0.908
      	   -0.086	   -0.012	   -0.427	    0.655
      	   -0.023	   -0.003	   -0.087	    0.466
      	    0.002	    0.000	   -0.001	   -0.016
      	    0.009	    0.000	    0.035	    0.007
      	   -0.003	    0.000	   -0.094	   -0.029
      	    0.000	    0.000	   -0.010	    0.000
      	   -0.004	    0.000	    0.003	    0.000
      	   -0.001	    0.000	    0.008	    0.000
      	    0.000	    0.000	    0.003	    0.000
      	    0.001	    0.000	    0.000	    0.000
      	    0.000	    0.000	   -0.003	    0.000
1535.0	    0.748	    1.035	    0.000	    0.000
      	    0.000	    0.000	    0.000	    0.000
      	   -0.136	   -0.554	    0.000	    0.000
      	    0.175	    0.023	    0.000	    0.000
      	   -0.056	   -0.039	   -0.162	   -0.299
      	   -0.166	   -0.012	    0.402	   -0.025
      	    0.010	    0.001	    0.369	   -0.856
      	   -0.088	   -0.013	   -0.470	    0.611
      	   -0.023	   -0.003	   -0.116	    0.441
      	    0.002	    0.000	   -0.003	   -0.018
      	    0.009	    0.000	    0.037	    0.008
      	   -0.003	    0.000	   -0.097	   -0.032
      	    0.000	    0.000	   -0.010	    0.000
      	   -0.004	    0.000	    0.003	    0.000
      	   -0.001	    0.000	    0.008	    0.000
      	    0.000	    0.000	    0.003	    0.000
      	    0.001	    0.000	    0.001	    0.000
      	    0.000	    0.000	   -0.003	    0.000
1540.0	    0.708	    0.993	    0.000	    0.000
      	    0.000	    0.000	    0.000	    0.000
      	   -0.092	   -0.529	    0.000	    0.000
      	    0.178	    0.026	    0.000	    0.000
      	   -0.063	   -0.042	   -0.158	   -0.290
      	   -0.168	   -0.014	    0.403	   -0.027
      	    0.010	    0.001	    0.414	   -0.801
      	   -0.089	   -0.014	   -0.505	    0.564
      	   -0.023	   -0.003	   -0.139	    0.414
      	    0.002	    0.000	   -0.005	   -0.020
      	    0.009	    0.000	    0.039	    0.009
      	   -0.003	    0.000	   -0.100	   -0.034
      	    0.000	    0.000	   -0.011	    0.000
      	   -0.004	    0.000	    0.003	    0.000
      	   -0.001	    0.000	    0.008	    0.000
      	    0.000	    0.000	    0.003	    0.000
      	    0.001	    0.000	    0.001	    0.000
      	    0.000	    0.000	   -0.003	    0.000
1545.0	    0.681	    0.949	    0.000	    0.000
      	    0.000	    0.000	    0.000	    0.000
      	   -0.056	   -0.501	    0.000	    0.000
      	    0.182	    0.029	    0.000	    0.000
      	   -0.070	   -0.045	   -0.155	   -0.280
      	   -0.171	   -0.016	    0.404	   -0.029
      	    0.010	    0.001	    0.448	   -0.744
      	   -0.090	   -0.015	   -0.530	    0.517
      	   -0.023	   -0.003	   -0.156	    0.386
      	    0.002	    0.000	   -0.007	   -0.021
      	    0.008	    0.000	    0.041	    0.010
      	   -0.003	    0.000	   -0.104	   -0.038
      	    0.000	    0.000	   -0.011	    0.000
      	   -0.004	    0.000	    0.003	    0.000
      	   -0.001	    0.000	    0.008	    0.000
      	    0.000	    0.000	    0.003	    0.000
      	    0.001	    0.000	    0.001	    0.000
      	    0.000	    0.000	   -0.003	    0.000
1550.0	    0.667	    0.904	    0.000	    0.000
      	    0.000	    0.000	    0.000	    0.000
      	   -0.027	   -0.470	    0.000	    0.000
      	    0.186	    0.032	    0.000	    0.000
      	   -0.078	   -0.048	   -0.151	   -0.271
      	   -0.173	   -0.019	    0.405	   -0.032
      	    0.010	    0.002	    0.473	   -0.689
      	   -0.091	   -0.016	   -0.548	    0.471
      	   -0.023	   -0.003	   -0.169	    0.359
      	    0.002	    0.000	   -0.010	   -0.023
      	    0.008	    0.000	    0.043	    0.011
      	   -0.003	    0.000	   -0.107	   -0.041
      	    0.000	    0.000	   -0.011	    0.000
      	   -0.004	    0.000	    0.003	    0.000
      	   -0.001	    0.000	    0.008	    0.000
      	    0.000	    0.000	    0.003	    0.000
      	    0.001	    0.000	    0.001	    0.000
      	    0.000	    0.000	   -0.003	    0.000
1555.0	    0.664	    0.863	    0.000	    0.000
      	    0.000	    0.000	    0.000	    0.000
      	   -0.005	   -0.439	    0.000	    0.000
      	    0.189	    0.035	    0.000	    0.000
      	   -0.085	   -0.052	   -0.148	   -0.262
      	   -0.175	   -0.021	    0.407	   -0.034
      	    0.010	    0.002	    0.489	   -0.636
      	   -0.092	   -0.018	   -0.559	    0.427
      	   -0.022	   -0.004	   -0.177	    0.333
      	    0.002	    0.000	   -0.012	   -0.026
      	    0.008	    0.000	    0.045	    0.013
      	   -0.003	    0.000	   -0.111	   -0.045
      	    0.000	    0.000	   -0.011	    0.000
      	   -0.004	    0.000	    0.003	    0.000
      	   -0.001	    0.000	    0.008	    0.000
      	    0.000	    0.000	    0.003	    0.000
      	    0.001	    0.000	    0.001	    0.000
      	    0.000	    0.000	   -0.003	    0.000
1560.0	    0.670	    0.828	    0.000	    0.000
      	    0.000	    0.000	    0.000	    0.000
      	    0.011	   -0.410	    0.000	    0.000
      	    0.193	    0.039	    0.000	    0.000
      	   -0.093	   -0.056	   -0.146	   -0.254
      	   -0.177	   -0.023	    0.408	   -0.036
      	    0.010	    0.002	    0.499	   -0.586
      	   -0.094	   -0.019	   -0.564	    0.386
      	   -0.022	   -0.004	   -0.183	    0.309
      	    0.002	    0.000	   -0.015	   -0.028
      	    0.008	    0.000	    0.047	    0.014
      	   -0.003	    0.000	   -0.114	   -0.049
      	    0.000	    0.000	   -0.011	    0.000
      	   -0.004	    0.000	    0.003	    0.000
      	   -0.001	    0.000	    0.007	    0.000
      	    0.000	    0.000	    0.003	    0.000
      	    0.001	    0.000	    0.001	    0.000
      	    0.000	    0.000	   -0.003	    0.000
1565.0	    0.683	    0.799	    0.000	    0.000
      	    0.000	    0.000	    0.000	    0.000
      	    0.022	   -0.383	    0.000	    0.000
      	    0.197	    0.043	    0.000	    0.000
      	   -0.101	   -0.060	   -0.143	   -0.246
      	   -0.179	   -0.026	    0.409	   -0.039
      	    0.010	    0.002	    0.504	   -0.540
      	   -0.095	   -0.021	   -0.566	    0.349
      	   -0.022	   -0.004	   -0.185	    0.287
      	    0.002	    0.000	   -0.017	   -0.031
      	    0.008	    0.000	    0.050	    0.016
      	   -0.003	    0.000	   -0.118	   -0.054
      	    0.000	    0.000	   -0.011	    0.000
      	   -0.004	    0.000	    0.003	    0.000
      	   -0.001	    0.000	    0.007	    0.000
      	    0.000	    0.000	    0.003	    0.000
      	    0.001	    0.000	    0.001	    0.000
      	    0.000	    0.000	   -0.003	    0.000
1570.0	    0.703	    0.777	    0.000	    0.000
      	    0.000	    0.000	    0.000	    0.000
      	    0.030	   -0.358	    0.000	    0.000
      	    0.200	    0.047	    0.000	    0.000
      	   -0.108	   -0.065	   -0.140	   -0.238
      	   -0.182	   -0.029	    0.410	   -0.041
      	    0.010	    0.002	    0.504	   -0.499
      	   -0.096	   -0.022	   -0.564	    0.314
      	   -0.022	   -0.004	   -0.186	    0.266
      	    0.002	    0.000	   -0.020	   -0.035
      	    0.008	    0.000	    0.052	    0.018
      	   -0.003	    0.000	   -0.122	   -0.059
      	    0.000	    0.000	   -0.011	    0.000
      	   -0.004	    0.000	    0.003	    0.000
      	   -0.001	    0.000	    0.007	    0.000
      	    0.000	    0.000	    0.003	    0.000
      	    0.001	    0.000	    0.001	    0.000
      	    0.000	    0.000	   -0.003	    0.000
1575.0	    0.725	    0.763	    0.000	    0.000
      	    0.000	    0.000	    0.000	    0.000
      	    0.034	   -0.336	    0.000	    0.000
      	    0.204	    0.051	    0.000	    0.000
      	   -0.116	   -0.070	   -0.137	   -0.231
      	   -0.184	   -0.032	    0.412	   -0.043
      	    0.010	    0.002	    0.502	   -0.461
      	   -0.097	   -0.024	   -0.560	    0.283
      	   -0.022	   -0.004	   -0.185	    0.248
      	    0.003	    0.000	   -0.023	   -0.038
      	    0.008	    0.000	    0.055	    0.021
      	   -0.003	    0.000	   -0.126	   -0.065
      	    0.000	    0.000	   -0.011	    0.000
      	   -0.004	    0.000	    0.003	    0.000
      	   -0.001	    0.000	    0.007	    0.000
      	    0.000	    0.000	    0.003	    0.000
      	    0.001	    0.000	    0.001	    0.000
      	    0.000	    0.000	   -0.003	    0.000
