W(MeV)	Re(-)+	Im(-)+	Re(-)-	Im(-)-
1080.0	    2.003	    0.056	    0.000	    0.000
      	    0.000	    0.000	    0.000	    0.000
      	    2.497	    0.013	    0.000	    0.000
      	    0.171	    0.000	    0.000	    0.000
      	   -0.933	   -0.001	   -0.992	    0.000
      	    0.192	    0.000	    0.817	    0.000
      	   -0.001	    0.000	    0.042	    0.000
      	    0.025	    0.000	    0.000	    0.000
      	    0.003	    0.000	   -0.005	    0.000
      	    0.000	    0.000	   -0.002	    0.000
      	   -0.002	    0.000	    0.000	    0.000
      	    0.000	    0.000	    0.000	    0.000
      	    0.000	    0.000	    0.000	    0.000
      	    0.000	    0.000	    0.000	    0.000
      	    0.000	    0.000	    0.000	    0.000
      	    0.000	    0.000	    0.000	    0.000
      	    0.000	    0.000	    0.000	    0.000
      	    0.000	    0.000	    0.000	    0.000
1085.0	    2.025	    0.137	    0.000	    0.000
      	    0.000	    0.000	    0.000	    0.000
      	    2.493	    0.032	    0.000	    0.000
      	    0.221	    0.001	    0.000	    0.000
      	   -1.246	   -0.006	   -1.253	    0.002
      	    0.251	    0.001	    1.057	   -0.002
      	   -0.002	    0.000	    0.070	    0.000
      	    0.041	    0.000	   -0.001	    0.000
      	    0.005	    0.000	   -0.008	    0.000
      	    0.001	    0.000	   -0.005	    0.000
      	   -0.004	    0.000	    0.000	    0.000
      	    0.000	    0.000	    0.000	    0.000
      	    0.000	    0.000	    0.000	    0.000
      	    0.000	    0.000	    0.000	    0.000
      	    0.000	    0.000	    0.000	    0.000
      	    0.000	    0.000	    0.000	    0.000
      	    0.000	    0.000	    0.000	    0.000
      	    0.000	    0.000	    0.000	    0.000
1090.0	    2.046	    0.185	    0.000	    0.000
      	    0.000	    0.000	    0.000	    0.000
      	    2.489	    0.043	    0.000	    0.000
      	    0.259	    0.002	    0.000	    0.000
      	   -1.509	   -0.016	   -1.435	    0.004
      	    0.297	    0.003	    1.240	   -0.004
      	   -0.002	    0.000	    0.097	    0.000
      	    0.057	    0.000	   -0.001	    0.000
      	    0.007	    0.000	   -0.010	    0.000
      	    0.001	    0.000	   -0.008	    0.000
      	   -0.006	    0.000	    0.000	    0.000
      	    0.000	    0.000	    0.001	    0.000
      	    0.000	    0.000	    0.001	    0.000
      	    0.001	    0.000	    0.000	    0.000
      	    0.000	    0.000	    0.000	    0.000
      	    0.000	    0.000	    0.000	    0.000
      	    0.000	    0.000	    0.000	    0.000
      	    0.000	    0.000	    0.000	    0.000
1095.0	    2.065	    0.222	    0.000	    0.000
      	    0.000	    0.000	    0.000	    0.000
      	    2.485	    0.048	    0.000	    0.000
      	    0.290	    0.004	    0.000	    0.000
      	   -1.747	   -0.032	   -1.571	    0.007
      	    0.336	    0.006	    1.388	   -0.006
      	   -0.002	    0.000	    0.123	    0.000
      	    0.071	    0.000	   -0.002	    0.000
      	    0.008	    0.000	   -0.013	    0.000
      	    0.001	    0.000	   -0.011	    0.000
      	   -0.008	    0.000	    0.000	    0.000
      	    0.000	    0.000	    0.001	    0.000
      	    0.000	    0.000	    0.001	    0.000
      	    0.001	    0.000	    0.000	    0.000
      	    0.000	    0.000	    0.000	    0.000
      	    0.000	    0.000	    0.000	    0.000
      	    0.000	    0.000	    0.000	    0.000
      	    0.000	    0.000	    0.000	    0.000
1100.0	    2.084	    0.241	    0.000	    0.000
      	    0.000	    0.000	    0.000	    0.000
      	    2.482	    0.047	    0.000	    0.000
      	    0.316	    0.006	    0.000	    0.000
      	   -1.972	   -0.056	   -1.675	    0.011
      	    0.371	    0.010	    1.514	   -0.010
      	   -0.001	    0.000	    0.148	    0.000
      	    0.084	    0.000	   -0.002	    0.000
      	    0.010	    0.000	   -0.015	    0.000
      	    0.002	    0.000	   -0.014	    0.000
      	   -0.011	    0.000	    0.000	    0.000
      	    0.000	    0.000	    0.001	    0.000
      	    0.000	    0.000	    0.002	    0.000
      	    0.001	    0.000	    0.000	    0.000
      	    0.000	    0.000	    0.000	    0.000
      	    0.000	    0.000	    0.000	    0.000
      	    0.000	    0.000	    0.000	    0.000
      	    0.000	    0.000	    0.000	    0.000
1105.0	    2.101	    0.261	    0.000	    0.000
      	    0.000	    0.000	    0.000	    0.000
      	    2.480	    0.046	    0.000	    0.000
      	    0.339	    0.009	    0.000	    0.000
      	   -2.191	   -0.087	   -1.756	    0.015
      	    0.402	    0.016	    1.624	   -0.014
      	   -0.001	    0.000	    0.171	    0.000
      	    0.097	    0.000	   -0.003	    0.000
      	    0.011	    0.000	   -0.017	    0.000
      	    0.002	    0.000	   -0.017	    0.000
      	   -0.013	    0.000	    0.000	    0.000
      	    0.000	    0.000	    0.001	    0.000
      	    0.000	    0.000	    0.003	    0.000
      	    0.002	    0.000	    0.000	    0.000
      	    0.000	    0.000	    0.000	    0.000
      	    0.000	    0.000	    0.000	    0.000
      	    0.000	    0.000	    0.000	    0.000
      	    0.000	    0.000	    0.000	    0.000
1110.0	    2.117	    0.281	    0.000	    0.000
      	    0.000	    0.000	    0.000	    0.000
      	    2.477	    0.045	    0.000	    0.000
      	    0.359	    0.013	    0.000	    0.000
      	   -2.407	   -0.127	   -1.820	    0.018
      	    0.432	    0.022	    1.721	   -0.017
      	    0.000	    0.000	    0.193	    0.001
      	    0.108	    0.000	   -0.003	    0.000
      	    0.013	    0.000	   -0.019	    0.000
      	    0.002	    0.000	   -0.020	    0.000
      	   -0.016	    0.000	    0.001	    0.000
      	    0.000	    0.000	    0.002	    0.000
      	    0.000	    0.000	    0.003	    0.000
      	    0.002	    0.000	    0.000	    0.000
      	    0.000	    0.000	    0.000	    0.000
      	    0.000	    0.000	   -0.001	    0.000
      	    0.000	    0.000	    0.000	    0.000
      	    0.000	    0.000	    0.000	    0.000
1115.0	    2.131	    0.297	    0.000	    0.000
      	    0.000	    0.000	    0.000	    0.000
      	    2.474	    0.041	    0.000	    0.000
      	    0.378	    0.017	    0.000	    0.000
      	   -2.624	   -0.179	   -1.870	    0.022
      	    0.460	    0.030	    1.807	   -0.021
      	    0.001	    0.000	    0.214	    0.001
      	    0.119	    0.000	   -0.004	    0.000
      	    0.015	    0.000	   -0.021	   -0.001
      	    0.003	    0.000	   -0.024	    0.000
      	   -0.018	    0.000	    0.001	    0.000
      	    0.000	    0.000	    0.002	    0.000
      	    0.000	    0.000	    0.004	    0.000
      	    0.003	    0.000	    0.000	    0.000
      	    0.000	    0.000	    0.000	    0.000
      	    0.000	    0.000	   -0.001	    0.000
      	   -0.001	    0.000	    0.000	    0.000
      	    0.000	    0.000	    0.000	    0.000
1120.0	    2.145	    0.310	    0.000	    0.000
      	    0.000	    0.000	    0.000	    0.000
      	    2.471	    0.037	    0.000	    0.000
      	    0.395	    0.022	    0.000	    0.000
      	   -2.844	   -0.244	   -1.910	    0.025
      	    0.487	    0.040	    1.886	   -0.026
      	    0.002	    0.000	    0.234	    0.001
      	    0.129	    0.000	   -0.004	    0.000
      	    0.016	    0.000	   -0.023	   -0.001
      	    0.003	    0.000	   -0.027	    0.000
      	   -0.021	    0.000	    0.001	    0.000
      	    0.000	    0.000	    0.002	    0.000
      	    0.000	    0.000	    0.005	    0.000
      	    0.003	    0.000	    0.000	    0.000
      	    0.000	    0.000	    0.000	    0.000
      	    0.000	    0.000	   -0.001	    0.000
      	   -0.001	    0.000	    0.000	    0.000
      	    0.000	    0.000	    0.000	    0.000
1125.0	    2.157	    0.322	    0.000	    0.000
      	    0.000	    0.000	    0.000	    0.000
      	    2.469	    0.032	    0.000	    0.000
      	    0.410	    0.028	    0.000	    0.000
      	   -3.069	   -0.325	   -1.940	    0.027
      	    0.513	    0.051	    1.958	   -0.029
      	    0.003	    0.000	    0.253	    0.001
      	    0.138	    0.000	   -0.005	    0.000
      	    0.017	    0.000	   -0.024	   -0.001
      	    0.003	    0.000	   -0.030	    0.000
      	   -0.023	    0.000	    0.001	    0.000
      	    0.000	    0.000	    0.002	    0.000
      	    0.000	    0.000	    0.005	    0.000
      	    0.004	    0.000	    0.000	    0.000
      	    0.000	    0.000	    0.000	    0.000
      	    0.000	    0.000	   -0.001	    0.000
      	   -0.001	    0.000	    0.000	    0.000
      	    0.000	    0.000	    0.000	    0.000
1130.0	    2.169	    0.333	    0.000	    0.000
      	    0.000	    0.000	    0.000	    0.000
      	    2.466	    0.026	    0.000	    0.000
      	    0.424	    0.035	    0.000	    0.000
      	   -3.300	   -0.424	   -1.964	    0.029
      	    0.539	    0.065	    2.024	   -0.033
      	    0.004	    0.000	    0.271	    0.001
      	    0.147	    0.000	   -0.005	    0.000
      	    0.019	    0.000	   -0.025	   -0.001
      	    0.004	    0.000	   -0.033	    0.000
      	   -0.025	    0.000	    0.002	    0.000
      	    0.000	    0.000	    0.002	    0.000
      	    0.000	    0.000	    0.006	    0.000
      	    0.005	    0.000	    0.000	    0.000
      	    0.000	    0.000	    0.000	    0.000
      	    0.000	    0.000	   -0.001	    0.000
      	   -0.001	    0.000	    0.000	    0.000
      	    0.000	    0.000	    0.000	    0.000
1135.0	    2.180	    0.342	    0.000	    0.000
      	    0.000	    0.000	    0.000	    0.000
      	    2.463	    0.019	    0.000	    0.000
      	    0.438	    0.042	    0.000	    0.000
      	   -3.537	   -0.545	   -1.981	    0.030
      	    0.564	    0.080	    2.086	   -0.036
      	    0.006	    0.000	    0.289	    0.002
      	    0.155	    0.000	   -0.006	    0.000
      	    0.020	    0.000	   -0.027	   -0.001
      	    0.004	    0.000	   -0.035	    0.000
      	   -0.027	    0.000	    0.002	    0.000
      	    0.000	    0.000	    0.002	    0.000
      	    0.000	    0.000	    0.007	    0.000
      	    0.005	    0.000	    0.000	    0.000
      	    0.000	    0.000	   -0.001	    0.000
      	    0.000	    0.000	   -0.001	    0.000
      	   -0.001	    0.000	    0.000	    0.000
      	    0.000	    0.000	    0.000	    0.000
1140.0	    2.190	    0.350	    0.000	    0.000
      	    0.000	    0.000	    0.000	    0.000
      	    2.460	    0.012	    0.000	    0.000
      	    0.450	    0.051	    0.000	    0.000
      	   -3.780	   -0.692	   -1.993	    0.030
      	    0.587	    0.099	    2.143	   -0.039
      	    0.007	    0.000	    0.305	    0.002
      	    0.162	    0.000	   -0.006	    0.000
      	    0.022	    0.000	   -0.028	   -0.001
      	    0.005	    0.000	   -0.038	    0.000
      	   -0.030	    0.000	    0.002	    0.000
      	    0.000	    0.000	    0.002	    0.000
      	    0.000	    0.000	    0.007	    0.000
      	    0.006	    0.000	    0.000	    0.000
      	    0.000	    0.000	   -0.001	    0.000
      	    0.000	    0.000	   -0.002	    0.000
      	   -0.001	    0.000	    0.000	    0.000
      	    0.000	    0.000	    0.000	    0.000
1145.0	    2.199	    0.357	    0.000	    0.000
      	    0.000	    0.000	    0.000	    0.000
      	    2.457	    0.004	    0.000	    0.000
      	    0.460	    0.061	    0.000	    0.000
      	   -4.029	   -0.871	   -2.001	    0.030
      	    0.610	    0.120	    2.197	   -0.042
      	    0.009	    0.000	    0.321	    0.002
      	    0.169	    0.000	   -0.006	    0.000
      	    0.023	    0.000	   -0.029	   -0.001
      	    0.005	    0.000	   -0.041	    0.000
      	   -0.032	    0.000	    0.003	    0.000
      	    0.001	    0.000	    0.002	    0.000
      	    0.000	    0.000	    0.008	    0.000
      	    0.006	    0.000	    0.000	    0.000
      	    0.000	    0.000	   -0.001	    0.000
      	    0.000	    0.000	   -0.002	    0.000
      	   -0.001	    0.000	    0.000	    0.000
      	    0.000	    0.000	    0.000	    0.000
1150.0	    2.208	    0.363	    0.000	    0.000
      	    0.000	    0.000	    0.000	    0.000
      	    2.454	   -0.004	    0.000	    0.000
      	    0.470	    0.073	    0.000	    0.000
      	   -4.282	   -1.085	   -2.006	    0.029
      	    0.632	    0.145	    2.248	   -0.044
      	    0.010	    0.000	    0.337	    0.003
      	    0.176	    0.000	   -0.006	    0.000
      	    0.024	    0.000	   -0.030	   -0.002
      	    0.005	    0.000	   -0.043	    0.000
      	   -0.034	    0.000	    0.003	    0.000
      	    0.001	    0.000	    0.002	    0.000
      	    0.000	    0.000	    0.009	    0.000
      	    0.007	    0.000	    0.000	    0.000
      	    0.001	    0.000	   -0.001	    0.000
      	    0.000	    0.000	   -0.002	    0.000
      	   -0.002	    0.000	    0.000	    0.000
      	    0.000	    0.000	    0.000	    0.000
1155.0	    2.216	    0.369	    0.000	    0.000
      	    0.000	    0.000	    0.000	    0.000
      	    2.450	   -0.012	    0.000	    0.000
      	    0.478	    0.085	    0.000	    0.000
      	   -4.533	   -1.342	   -2.007	    0.027
      	    0.652	    0.173	    2.297	   -0.046
      	    0.012	    0.000	    0.351	    0.003
      	    0.181	    0.000	   -0.006	    0.001
      	    0.026	    0.000	   -0.031	   -0.002
      	    0.006	    0.000	   -0.046	    0.000
      	   -0.036	    0.000	    0.004	    0.000
      	    0.001	    0.000	    0.002	    0.000
      	    0.000	    0.000	    0.010	    0.000
      	    0.007	    0.000	    0.000	    0.000
      	    0.001	    0.000	   -0.001	    0.000
      	    0.000	    0.000	   -0.002	    0.000
      	   -0.002	    0.000	    0.000	    0.000
      	    0.000	    0.000	    0.000	    0.000
1160.0	    2.223	    0.373	    0.000	    0.000
      	    0.000	    0.000	    0.000	    0.000
      	    2.446	   -0.021	    0.000	    0.000
      	    0.484	    0.100	    0.000	    0.000
      	   -4.778	   -1.647	   -2.006	    0.024
      	    0.670	    0.205	    2.343	   -0.046
      	    0.013	    0.000	    0.366	    0.003
      	    0.187	    0.000	   -0.006	    0.001
      	    0.027	    0.000	   -0.032	   -0.002
      	    0.006	    0.000	   -0.048	    0.000
      	   -0.037	    0.000	    0.004	    0.000
      	    0.001	    0.000	    0.002	    0.000
      	    0.000	    0.000	    0.010	    0.000
      	    0.008	    0.000	    0.000	    0.000
      	    0.001	    0.000	   -0.001	    0.000
      	    0.000	    0.000	   -0.002	    0.000
      	   -0.002	    0.000	    0.000	    0.000
      	    0.000	    0.000	    0.000	    0.000
1165.0	    2.230	    0.377	    0.000	    0.000
      	    0.000	    0.000	    0.000	    0.000
      	    2.443	   -0.030	    0.000	    0.000
      	    0.487	    0.115	    0.000	    0.000
      	   -5.008	   -2.006	   -2.002	    0.021
      	    0.684	    0.242	    2.387	   -0.047
      	    0.015	    0.000	    0.379	    0.004
      	    0.192	    0.000	   -0.006	    0.001
      	    0.029	    0.000	   -0.033	   -0.002
      	    0.006	    0.000	   -0.050	    0.000
      	   -0.039	    0.000	    0.004	    0.000
      	    0.001	    0.000	    0.002	    0.000
      	    0.000	    0.000	    0.011	    0.000
      	    0.008	    0.000	    0.000	    0.000
      	    0.001	    0.000	   -0.001	    0.000
      	    0.000	    0.000	   -0.002	    0.000
      	   -0.002	    0.000	    0.000	    0.000
      	    0.000	    0.000	    0.000	    0.000
1170.0	    2.236	    0.381	    0.000	    0.000
      	    0.000	    0.000	    0.000	    0.000
      	    2.438	   -0.039	    0.000	    0.000
      	    0.488	    0.132	    0.000	    0.000
      	   -5.209	   -2.425	   -1.997	    0.016
      	    0.693	    0.283	    2.430	   -0.046
      	    0.017	    0.000	    0.393	    0.004
      	    0.197	    0.000	   -0.006	    0.001
      	    0.030	    0.000	   -0.033	   -0.003
      	    0.007	    0.000	   -0.052	    0.000
      	   -0.041	    0.000	    0.005	    0.000
      	    0.002	    0.000	    0.002	    0.000
      	    0.000	    0.000	    0.012	    0.000
      	    0.009	    0.000	    0.000	    0.000
      	    0.001	    0.000	   -0.001	    0.000
      	    0.000	    0.000	   -0.003	    0.000
      	   -0.002	    0.000	    0.000	    0.000
      	    0.000	    0.000	    0.000	    0.000
1175.0	    2.242	    0.384	    0.000	    0.000
      	    0.000	    0.000	    0.000	    0.000
      	    2.434	   -0.048	    0.000	    0.000
      	    0.486	    0.149	    0.000	    0.000
      	   -5.364	   -2.904	   -1.990	    0.011
      	    0.696	    0.327	    2.471	   -0.045
      	    0.018	    0.000	    0.405	    0.005
      	    0.201	    0.000	   -0.005	    0.001
      	    0.031	    0.000	   -0.034	   -0.003
      	    0.007	    0.000	   -0.054	    0.000
      	   -0.043	    0.000	    0.005	    0.000
      	    0.002	    0.000	    0.001	    0.000
      	    0.000	    0.000	    0.012	    0.000
      	    0.009	    0.000	    0.000	    0.000
      	    0.001	    0.000	   -0.001	    0.000
      	    0.000	    0.000	   -0.003	    0.000
      	   -0.002	    0.000	    0.000	    0.000
      	    0.000	    0.000	    0.000	    0.000
1180.0	    2.248	    0.386	    0.000	    0.000
      	    0.000	    0.000	    0.000	    0.000
      	    2.429	   -0.058	    0.000	    0.000
      	    0.480	    0.167	    0.000	    0.000
      	   -5.452	   -3.442	   -1.981	    0.005
      	    0.690	    0.374	    2.511	   -0.042
      	    0.020	    0.000	    0.418	    0.005
      	    0.205	    0.000	   -0.005	    0.001
      	    0.033	    0.000	   -0.035	   -0.003
      	    0.007	    0.000	   -0.056	    0.000
      	   -0.044	    0.000	    0.006	    0.000
      	    0.002	    0.000	    0.001	    0.000
      	    0.000	    0.000	    0.013	    0.000
      	    0.009	    0.000	    0.000	    0.000
      	    0.001	    0.000	   -0.001	    0.000
      	    0.000	    0.000	   -0.003	    0.000
      	   -0.002	    0.000	    0.000	    0.000
      	    0.000	    0.000	    0.000	    0.000
1185.0	    2.253	    0.388	    0.000	    0.000
      	    0.000	    0.000	    0.000	    0.000
      	    2.424	   -0.068	    0.000	    0.000
      	    0.469	    0.184	    0.000	    0.000
      	   -5.450	   -4.027	   -1.971	   -0.002
      	    0.675	    0.423	    2.550	   -0.039
      	    0.022	    0.000	    0.430	    0.006
      	    0.209	    0.000	   -0.004	    0.001
      	    0.034	    0.000	   -0.036	   -0.004
      	    0.008	    0.000	   -0.057	    0.000
      	   -0.046	    0.000	    0.006	    0.000
      	    0.003	    0.000	    0.001	    0.000
      	    0.000	    0.000	    0.013	    0.000
      	    0.010	    0.000	    0.000	    0.000
      	    0.001	    0.000	   -0.001	    0.000
      	    0.000	    0.000	   -0.003	    0.000
      	   -0.002	    0.000	    0.000	    0.000
      	    0.000	    0.000	    0.000	    0.000
1190.0	    2.257	    0.389	    0.000	    0.000
      	    0.000	    0.000	    0.000	    0.000
      	    2.418	   -0.079	    0.000	    0.000
      	    0.454	    0.199	    0.000	    0.000
      	   -5.334	   -4.640	   -1.960	   -0.010
      	    0.649	    0.470	    2.588	   -0.035
      	    0.024	    0.000	    0.441	    0.007
      	    0.213	    0.000	   -0.004	    0.002
      	    0.036	    0.000	   -0.037	   -0.004
      	    0.008	    0.000	   -0.059	    0.000
      	   -0.047	    0.000	    0.007	    0.000
      	    0.003	    0.000	    0.001	    0.000
      	    0.000	    0.000	    0.014	    0.000
      	    0.010	    0.000	    0.000	    0.000
      	    0.001	    0.000	   -0.001	    0.000
      	    0.000	    0.000	   -0.003	    0.000
      	   -0.003	    0.000	    0.000	    0.000
      	    0.000	    0.000	    0.000	    0.000
1195.0	    2.262	    0.390	    0.000	    0.000
      	    0.000	    0.000	    0.000	    0.000
      	    2.412	   -0.089	    0.000	    0.000
      	    0.434	    0.211	    0.000	    0.000
      	   -5.085	   -5.250	   -1.948	   -0.018
      	    0.611	    0.513	    2.626	   -0.022
      	    0.025	    0.000	    0.453	    0.008
      	    0.216	    0.000	   -0.003	    0.002
      	    0.037	    0.000	   -0.038	   -0.005
      	    0.008	    0.000	   -0.060	    0.000
      	   -0.049	    0.000	    0.007	    0.000
      	    0.003	    0.000	    0.000	    0.000
      	    0.000	    0.000	    0.015	    0.000
      	    0.011	    0.000	    0.000	    0.000
      	    0.001	    0.000	   -0.001	    0.000
      	    0.000	    0.000	   -0.003	    0.000
      	   -0.003	    0.000	    0.000	    0.000
      	    0.000	    0.000	    0.000	    0.000
1200.0	    2.266	    0.391	    0.000	    0.000
      	    0.000	    0.000	    0.000	    0.000
      	    2.406	   -0.099	    0.000	    0.000
      	    0.410	    0.219	    0.000	    0.000
      	   -4.694	   -5.818	   -1.935	   -0.029
      	    0.562	    0.548	    2.663	   -0.022
      	    0.027	    0.000	    0.464	    0.008
      	    0.219	    0.000	   -0.002	    0.002
      	    0.039	    0.000	   -0.039	   -0.005
      	    0.009	    0.000	   -0.062	    0.000
      	   -0.050	    0.000	    0.008	    0.000
      	    0.004	    0.000	    0.000	    0.000
      	    0.000	    0.000	    0.015	    0.000
      	    0.011	    0.000	    0.000	    0.000
      	    0.001	    0.000	   -0.001	    0.000
      	    0.000	    0.000	   -0.004	    0.000
      	   -0.003	    0.000	    0.000	    0.000
      	    0.000	    0.000	    0.000	    0.000
1205.0	    2.270	    0.391	    0.000	    0.000
      	    0.000	    0.000	    0.000	    0.000
      	    2.400	   -0.110	    0.000	    0.000
      	    0.383	    0.221	    0.000	    0.000
      	   -4.169	   -6.303	   -1.922	   -0.040
      	    0.503	    0.573	    2.699	   -0.012
      	    0.029	    0.000	    0.474	    0.009
      	    0.222	    0.000	   -0.001	    0.002
      	    0.040	    0.000	   -0.040	   -0.006
      	    0.009	    0.000	   -0.063	    0.000
      	   -0.051	    0.000	    0.008	    0.000
      	    0.004	    0.000	    0.000	    0.000
      	    0.000	    0.000	    0.016	    0.000
      	    0.011	    0.000	    0.000	    0.000
      	    0.001	    0.000	   -0.001	    0.000
      	    0.000	    0.000	   -0.004	    0.000
      	   -0.003	    0.000	    0.000	    0.000
      	    0.000	    0.000	    0.000	    0.000
1210.0	    2.274	    0.392	    0.000	    0.000
      	    0.000	    0.000	    0.000	    0.000
      	    2.393	   -0.120	    0.000	    0.000
      	    0.356	    0.216	    0.000	    0.000
      	   -3.534	   -6.668	   -1.907	   -0.052
      	    0.439	    0.584	    2.735	   -0.004
      	    0.031	    0.000	    0.485	    0.010
      	    0.224	    0.000	   -0.001	    0.003
      	    0.042	    0.000	   -0.041	   -0.006
      	    0.010	    0.000	   -0.064	    0.000
      	   -0.052	    0.000	    0.009	    0.000
      	    0.004	    0.000	   -0.001	    0.000
      	    0.001	    0.000	    0.016	    0.000
      	    0.012	    0.000	    0.000	    0.000
      	    0.001	    0.000	   -0.001	    0.000
      	    0.000	    0.000	   -0.004	    0.000
      	   -0.003	    0.000	    0.000	    0.000
      	    0.000	    0.000	    0.000	    0.000
1215.0	    2.277	    0.392	    0.000	    0.000
      	    0.000	    0.000	    0.000	    0.000
      	    2.386	   -0.131	    0.000	    0.000
      	    0.329	    0.205	    0.000	    0.000
      	   -2.830	   -6.889	   -1.892	   -0.065
      	    0.373	    0.581	    2.771	    0.005
      	    0.033	    0.000	    0.495	    0.011
      	    0.227	    0.000	    0.001	    0.003
      	    0.043	    0.000	   -0.042	   -0.007
      	    0.010	    0.000	   -0.065	    0.000
      	   -0.054	    0.000	    0.009	    0.000
      	    0.005	    0.000	   -0.001	    0.000
      	    0.001	    0.000	    0.017	    0.000
      	    0.012	    0.000	    0.000	    0.000
      	    0.001	    0.000	   -0.001	    0.000
      	    0.000	    0.000	   -0.004	    0.000
      	   -0.003	    0.000	    0.000	    0.000
      	    0.000	    0.000	    0.000	    0.000
1220.0	    2.281	    0.392	    0.000	    0.000
      	    0.000	    0.000	    0.000	    0.000
      	    2.378	   -0.141	    0.000	    0.000
      	    0.305	    0.189	    0.000	    0.000
      	   -2.103	   -6.960	   -1.877	   -0.079
      	    0.310	    0.565	    2.806	    0.020
      	    0.034	    0.000	    0.505	    0.012
      	    0.229	    0.000	    0.002	    0.004
      	    0.045	    0.000	   -0.043	   -0.007
      	    0.010	    0.000	   -0.067	    0.000
      	   -0.055	    0.000	    0.010	    0.000
      	    0.005	    0.000	   -0.001	    0.000
      	    0.001	    0.000	    0.017	    0.000
      	    0.012	    0.000	    0.000	    0.000
      	    0.002	    0.000	   -0.001	    0.000
      	    0.000	    0.000	   -0.004	    0.000
      	   -0.003	    0.000	    0.000	    0.000
      	    0.000	    0.000	    0.000	    0.000
1225.0	    2.284	    0.391	    0.000	    0.000
      	    0.000	    0.000	    0.000	    0.000
      	    2.370	   -0.152	    0.000	    0.000
      	    0.286	    0.168	    0.000	    0.000
      	   -1.397	   -6.890	   -1.860	   -0.092
      	    0.252	    0.538	    2.841	    0.043
      	    0.036	    0.000	    0.515	    0.013
      	    0.231	    0.000	    0.003	    0.004
      	    0.046	    0.000	   -0.044	   -0.008
      	    0.011	    0.000	   -0.067	    0.000
      	   -0.056	    0.000	    0.011	    0.001
      	    0.006	    0.000	   -0.002	    0.000
      	    0.001	    0.000	    0.018	    0.000
      	    0.012	    0.000	    0.000	    0.000
      	    0.002	    0.000	    0.000	    0.000
      	    0.000	    0.000	   -0.004	    0.000
      	   -0.003	    0.000	    0.000	    0.000
      	    0.000	    0.000	    0.000	    0.000
1230.0	    2.287	    0.391	    0.000	    0.000
      	    0.000	    0.000	    0.000	    0.000
      	    2.361	   -0.163	    0.000	    0.000
      	    0.271	    0.145	    0.000	    0.000
      	   -0.746	   -6.704	   -1.842	   -0.106
      	    0.204	    0.503	    2.875	    0.067
      	    0.038	    0.000	    0.525	    0.015
      	    0.233	    0.000	    0.004	    0.005
      	    0.048	    0.000	   -0.045	   -0.009
      	    0.011	    0.000	   -0.068	    0.000
      	   -0.057	    0.000	    0.011	    0.001
      	    0.006	    0.000	   -0.002	    0.000
      	    0.001	    0.000	    0.018	    0.000
      	    0.013	    0.000	    0.000	    0.000
      	    0.002	    0.000	    0.000	    0.000
      	    0.001	    0.000	   -0.004	    0.000
      	   -0.004	    0.000	    0.000	    0.000
      	    0.000	    0.000	    0.000	    0.000
1235.0	    2.291	    0.391	    0.000	    0.000
      	    0.000	    0.000	    0.000	    0.000
      	    2.353	   -0.173	    0.000	    0.000
      	    0.262	    0.121	    0.000	    0.000
      	   -0.173	   -6.431	   -1.824	   -0.121
      	    0.164	    0.463	    2.909	    0.090
      	    0.040	    0.000	    0.534	    0.016
      	    0.235	    0.000	    0.006	    0.005
      	    0.049	    0.000	   -0.047	   -0.010
      	    0.012	    0.000	   -0.069	    0.000
      	   -0.058	    0.000	    0.012	    0.001
      	    0.006	    0.000	   -0.003	    0.000
      	    0.001	    0.000	    0.018	    0.000
      	    0.013	    0.000	    0.000	    0.000
      	    0.002	    0.000	    0.000	    0.000
      	    0.001	    0.000	   -0.004	    0.000
      	   -0.004	    0.000	    0.000	    0.000
      	    0.000	    0.000	    0.000	    0.000
1240.0	    2.294	    0.390	    0.000	    0.000
      	    0.000	    0.000	    0.000	    0.000
      	    2.343	   -0.184	    0.000	    0.000
      	    0.257	    0.097	    0.000	    0.000
      	    0.313	   -6.102	   -1.806	   -0.138
      	    0.135	    0.421	    2.943	    0.115
      	    0.041	    0.000	    0.543	    0.017
      	    0.236	    0.000	    0.007	    0.006
      	    0.051	    0.000	   -0.048	   -0.010
      	    0.012	    0.000	   -0.070	    0.000
      	   -0.059	    0.000	    0.012	    0.001
      	    0.007	    0.000	   -0.003	    0.000
      	    0.001	    0.000	    0.019	    0.000
      	    0.013	    0.000	    0.000	    0.000
      	    0.002	    0.000	    0.000	    0.000
      	    0.001	    0.000	   -0.005	    0.000
      	   -0.004	    0.000	    0.000	    0.000
      	    0.000	    0.000	    0.000	    0.000
1245.0	    2.297	    0.390	    0.000	    0.000
      	    0.000	    0.000	    0.000	    0.000
      	    2.334	   -0.195	    0.000	    0.000
      	    0.255	    0.075	    0.000	    0.000
      	    0.713	   -5.740	   -1.787	   -0.156
      	    0.113	    0.379	    2.977	    0.142
      	    0.043	    0.000	    0.553	    0.019
      	    0.238	    0.001	    0.009	    0.007
      	    0.052	    0.000	   -0.050	   -0.011
      	    0.013	    0.000	   -0.070	    0.001
      	   -0.060	    0.000	    0.013	    0.001
      	    0.007	    0.000	   -0.004	    0.000
      	    0.001	    0.000	    0.019	    0.000
      	    0.013	    0.000	    0.000	    0.000
      	    0.002	    0.000	    0.000	    0.000
      	    0.001	    0.000	   -0.005	    0.000
      	   -0.004	    0.000	    0.000	    0.000
      	    0.000	    0.000	    0.000	    0.000
1250.0	    2.300	    0.389	    0.000	    0.000
      	    0.000	    0.000	    0.000	    0.000
      	    2.323	   -0.205	    0.000	    0.000
      	    0.257	    0.054	    0.000	    0.000
      	    1.032	   -5.368	   -1.767	   -0.175
      	    0.099	    0.338	    3.010	    0.173
      	    0.045	    0.000	    0.562	    0.021
      	    0.239	    0.001	    0.011	    0.007
      	    0.054	    0.000	   -0.051	   -0.012
      	    0.013	    0.000	   -0.071	    0.001
      	   -0.061	    0.000	    0.014	    0.001
      	    0.008	    0.000	   -0.004	    0.000
      	    0.001	    0.000	    0.020	    0.000
      	    0.014	    0.000	    0.000	    0.000
      	    0.002	    0.000	    0.000	    0.000
      	    0.001	    0.000	   -0.005	    0.000
      	   -0.004	    0.000	    0.000	    0.000
      	    0.000	    0.000	    0.000	    0.000
1255.0	    2.303	    0.389	    0.000	    0.000
      	    0.000	    0.000	    0.000	    0.000
      	    2.313	   -0.216	    0.000	    0.000
      	    0.261	    0.035	    0.000	    0.000
      	    1.279	   -5.000	   -1.745	   -0.194
      	    0.091	    0.300	    3.043	    0.208
      	    0.047	    0.001	    0.571	    0.022
      	    0.240	    0.001	    0.013	    0.008
      	    0.055	    0.000	   -0.053	   -0.013
      	    0.014	    0.000	   -0.071	    0.001
      	   -0.062	    0.000	    0.015	    0.001
      	    0.008	    0.000	   -0.005	    0.000
      	    0.002	    0.000	    0.020	    0.000
      	    0.014	    0.000	    0.000	    0.000
      	    0.002	    0.000	    0.000	    0.000
      	    0.001	    0.000	   -0.005	    0.000
      	   -0.004	    0.000	    0.000	    0.000
      	    0.000	    0.000	    0.000	    0.000
1260.0	    2.307	    0.388	    0.000	    0.000
      	    0.000	    0.000	    0.000	    0.000
      	    2.302	   -0.226	    0.000	    0.000
      	    0.267	    0.018	    0.000	    0.000
      	    1.467	   -4.645	   -1.723	   -0.214
      	    0.088	    0.264	    3.075	    0.246
      	    0.048	    0.001	    0.579	    0.024
      	    0.241	    0.001	    0.015	    0.009
      	    0.057	    0.000	   -0.055	   -0.014
      	    0.014	    0.000	   -0.072	    0.001
      	   -0.063	    0.000	    0.015	    0.001
      	    0.009	    0.000	   -0.005	    0.000
      	    0.002	    0.000	    0.020	    0.000
      	    0.014	    0.000	    0.000	    0.000
      	    0.002	    0.000	    0.000	    0.000
      	    0.001	    0.000	   -0.005	    0.000
      	   -0.004	    0.000	    0.000	    0.000
      	    0.000	    0.000	    0.000	    0.000
1265.0	    2.310	    0.388	    0.000	    0.000
      	    0.000	    0.000	    0.000	    0.000
      	    2.291	   -0.237	    0.000	    0.000
      	    0.275	    0.003	    0.000	    0.000
      	    1.604	   -4.309	   -1.700	   -0.235
      	    0.089	    0.232	    3.105	    0.287
      	    0.050	    0.001	    0.588	    0.026
      	    0.242	    0.001	    0.017	    0.010
      	    0.058	    0.001	   -0.057	   -0.015
      	    0.014	    0.000	   -0.072	    0.001
      	   -0.063	    0.000	    0.016	    0.001
      	    0.009	    0.000	   -0.006	    0.000
      	    0.002	    0.000	    0.021	    0.000
      	    0.014	    0.000	    0.000	    0.000
      	    0.003	    0.000	    0.000	    0.000
      	    0.001	    0.000	   -0.005	    0.000
      	   -0.004	    0.000	    0.000	    0.000
      	    0.000	    0.000	    0.000	    0.000
1270.0	    2.314	    0.387	    0.000	    0.000
      	    0.000	    0.000	    0.000	    0.000
      	    2.279	   -0.247	    0.000	    0.000
      	    0.282	   -0.010	    0.000	    0.000
      	    1.701	   -3.995	   -1.676	   -0.257
      	    0.092	    0.203	    3.135	    0.333
      	    0.052	    0.001	    0.597	    0.028
      	    0.243	    0.001	    0.019	    0.011
      	    0.060	    0.001	   -0.059	   -0.016
      	    0.015	    0.000	   -0.073	    0.001
      	   -0.064	    0.000	    0.017	    0.001
      	    0.010	    0.000	   -0.006	    0.000
      	    0.002	    0.000	    0.021	    0.000
      	    0.014	    0.000	    0.000	    0.000
      	    0.003	    0.000	    0.000	    0.000
      	    0.001	    0.000	   -0.005	    0.000
      	   -0.004	    0.000	    0.000	    0.000
      	    0.000	    0.000	    0.000	    0.000
1275.0	    2.318	    0.387	    0.000	    0.000
      	    0.000	    0.000	    0.000	    0.000
      	    2.267	   -0.257	    0.000	    0.000
      	    0.291	   -0.022	    0.000	    0.000
      	    1.766	   -3.704	   -1.651	   -0.279
      	    0.098	    0.176	    3.163	    0.382
      	    0.054	    0.001	    0.606	    0.030
      	    0.244	    0.001	    0.021	    0.012
      	    0.061	    0.001	   -0.061	   -0.018
      	    0.015	    0.000	   -0.073	    0.001
      	   -0.065	    0.000	    0.018	    0.001
      	    0.010	    0.000	   -0.007	    0.000
      	    0.002	    0.000	    0.022	    0.000
      	    0.015	    0.000	    0.000	    0.000
      	    0.003	    0.000	    0.000	    0.000
      	    0.001	    0.000	   -0.005	    0.000
      	   -0.004	    0.000	    0.000	    0.000
      	    0.001	    0.000	    0.000	    0.000
1280.0	    2.322	    0.387	    0.000	    0.000
      	    0.000	    0.000	    0.000	    0.000
      	    2.254	   -0.267	    0.000	    0.000
      	    0.300	   -0.032	    0.000	    0.000
      	    1.805	   -3.435	   -1.624	   -0.302
      	    0.105	    0.152	    3.188	    0.437
      	    0.055	    0.001	    0.614	    0.033
      	    0.244	    0.001	    0.024	    0.014
      	    0.063	    0.001	   -0.063	   -0.019
      	    0.016	    0.000	   -0.073	    0.001
      	   -0.066	    0.000	    0.018	    0.001
      	    0.011	    0.000	   -0.008	    0.000
      	    0.002	    0.000	    0.022	    0.000
      	    0.015	    0.000	    0.000	    0.000
      	    0.003	    0.000	    0.000	    0.000
      	    0.001	    0.000	   -0.005	    0.000
      	   -0.004	    0.000	    0.000	    0.000
      	    0.001	    0.000	    0.000	    0.000
1285.0	    2.326	    0.388	    0.000	    0.000
      	    0.000	    0.000	    0.000	    0.000
      	    2.241	   -0.277	    0.000	    0.000
      	    0.308	   -0.041	    0.000	    0.000
      	    1.823	   -3.189	   -1.596	   -0.326
      	    0.114	    0.131	    3.212	    0.495
      	    0.057	    0.001	    0.623	    0.035
      	    0.245	    0.001	    0.027	    0.015
      	    0.065	    0.001	   -0.066	   -0.021
      	    0.016	    0.000	   -0.073	    0.001
      	   -0.067	    0.000	    0.019	    0.002
      	    0.011	    0.000	   -0.008	   -0.001
      	    0.003	    0.000	    0.022	    0.000
      	    0.015	    0.000	    0.000	    0.000
      	    0.003	    0.000	    0.000	    0.000
      	    0.001	    0.000	   -0.005	    0.000
      	   -0.005	    0.000	    0.000	    0.000
      	    0.001	    0.000	    0.000	    0.000
1290.0	    2.331	    0.388	    0.000	    0.000
      	    0.000	    0.000	    0.000	    0.000
      	    2.227	   -0.287	    0.000	    0.000
      	    0.317	   -0.048	    0.000	    0.000
      	    1.826	   -2.962	   -1.566	   -0.350
      	    0.123	    0.111	    3.232	    0.559
      	    0.058	    0.001	    0.632	    0.038
      	    0.246	    0.001	    0.030	    0.017
      	    0.066	    0.001	   -0.069	   -0.022
      	    0.017	    0.000	   -0.073	    0.001
      	   -0.067	    0.000	    0.020	    0.002
      	    0.012	    0.000	   -0.009	   -0.001
      	    0.003	    0.000	    0.023	    0.000
      	    0.015	    0.000	    0.000	    0.000
      	    0.003	    0.000	    0.000	    0.000
      	    0.001	    0.000	   -0.006	    0.000
      	   -0.005	    0.000	    0.000	    0.000
      	    0.001	    0.000	    0.000	    0.000
1295.0	    2.336	    0.388	    0.000	    0.000
      	    0.000	    0.000	    0.000	    0.000
      	    2.213	   -0.297	    0.000	    0.000
      	    0.325	   -0.055	    0.000	    0.000
      	    1.817	   -2.754	   -1.534	   -0.373
      	    0.132	    0.094	    3.248	    0.628
      	    0.060	    0.001	    0.640	    0.041
      	    0.246	    0.001	    0.033	    0.018
      	    0.068	    0.001	   -0.072	   -0.024
      	    0.017	    0.000	   -0.073	    0.001
      	   -0.068	    0.000	    0.021	    0.002
      	    0.013	    0.000	   -0.010	   -0.001
      	    0.003	    0.000	    0.023	    0.000
      	    0.015	    0.000	    0.000	    0.000
      	    0.004	    0.000	    0.000	    0.000
      	    0.001	    0.000	   -0.006	    0.000
      	   -0.005	    0.000	    0.000	    0.000
      	    0.001	    0.000	    0.000	    0.000
1300.0	    2.341	    0.393	    0.000	    0.000
      	    0.000	    0.000	    0.000	    0.000
      	    2.199	   -0.308	    0.000	    0.000
      	    0.334	   -0.061	    0.000	    0.000
      	    1.801	   -2.561	   -1.500	   -0.397
      	    0.142	    0.079	    3.259	    0.702
      	    0.062	    0.001	    0.649	    0.044
      	    0.247	    0.001	    0.036	    0.020
      	    0.069	    0.001	   -0.075	   -0.026
      	    0.018	    0.000	   -0.073	    0.001
      	   -0.069	    0.000	    0.022	    0.002
      	    0.013	    0.000	   -0.011	   -0.001
      	    0.003	    0.000	    0.023	    0.000
      	    0.015	    0.000	    0.000	    0.000
      	    0.004	    0.000	    0.000	    0.000
      	    0.001	    0.000	   -0.006	    0.000
      	   -0.005	    0.000	    0.000	    0.000
      	    0.001	    0.000	    0.000	    0.000
1305.0	    2.347	    0.394	    0.000	    0.000
      	    0.000	    0.000	    0.000	    0.000
      	    2.184	   -0.318	    0.000	    0.000
      	    0.342	   -0.066	    0.000	    0.000
      	    1.774	   -2.387	   -1.464	   -0.420
      	    0.151	    0.065	    3.266	    0.780
      	    0.063	    0.001	    0.658	    0.047
      	    0.247	    0.001	    0.040	    0.022
      	    0.071	    0.001	   -0.078	   -0.028
      	    0.018	    0.000	   -0.073	    0.001
      	   -0.069	    0.000	    0.023	    0.002
      	    0.014	    0.000	   -0.011	   -0.001
      	    0.003	    0.000	    0.023	    0.000
      	    0.015	    0.000	    0.000	    0.000
      	    0.004	    0.000	    0.000	    0.000
      	    0.001	    0.000	   -0.006	    0.000
      	   -0.005	    0.000	    0.000	    0.000
      	    0.001	    0.000	    0.000	    0.000
1310.0	    2.353	    0.396	    0.000	    0.000
      	    0.000	    0.000	    0.000	    0.000
      	    2.169	   -0.327	    0.000	    0.000
      	    0.349	   -0.070	    0.000	    0.000
      	    1.741	   -2.227	   -1.426	   -0.443
      	    0.161	    0.052	    3.266	    0.863
      	    0.065	    0.001	    0.666	    0.050
      	    0.247	    0.001	    0.043	    0.025
      	    0.073	    0.001	   -0.081	   -0.030
      	    0.019	    0.000	   -0.073	    0.001
      	   -0.070	    0.000	    0.024	    0.002
      	    0.014	    0.000	   -0.012	   -0.001
      	    0.003	    0.000	    0.024	    0.000
      	    0.015	    0.000	    0.000	    0.000
      	    0.004	    0.000	    0.000	    0.000
      	    0.001	    0.000	   -0.006	    0.000
      	   -0.005	    0.000	    0.000	    0.000
      	    0.001	    0.000	    0.000	    0.000
1315.0	    2.360	    0.398	    0.000	    0.000
      	    0.000	    0.000	    0.000	    0.000
      	    2.153	   -0.337	    0.000	    0.000
      	    0.357	   -0.074	    0.000	    0.000
      	    1.705	   -2.079	   -1.386	   -0.464
      	    0.171	    0.041	    3.260	    0.950
      	    0.066	    0.001	    0.675	    0.054
      	    0.247	    0.001	    0.047	    0.027
      	    0.074	    0.001	   -0.085	   -0.032
      	    0.019	    0.000	   -0.072	    0.001
      	   -0.071	    0.000	    0.025	    0.002
      	    0.015	    0.000	   -0.013	   -0.001
      	    0.004	    0.000	    0.024	    0.000
      	    0.016	    0.000	    0.000	    0.000
      	    0.004	    0.000	    0.000	    0.000
      	    0.001	    0.000	   -0.006	    0.000
      	   -0.005	    0.000	    0.001	    0.000
      	    0.001	    0.000	    0.000	    0.000
1320.0	    2.368	    0.401	    0.000	    0.000
      	    0.000	    0.000	    0.000	    0.000
      	    2.137	   -0.346	    0.000	    0.000
      	    0.364	   -0.077	    0.000	    0.000
      	    1.665	   -1.943	   -1.344	   -0.485
      	    0.181	    0.030	    3.244	    1.042
      	    0.068	    0.001	    0.684	    0.058
      	    0.248	    0.001	    0.051	    0.030
      	    0.076	    0.001	   -0.089	   -0.034
      	    0.020	    0.000	   -0.072	    0.002
      	   -0.071	   -0.001	    0.026	    0.003
      	    0.016	    0.000	   -0.014	   -0.001
      	    0.004	    0.000	    0.024	    0.000
      	    0.016	    0.000	    0.000	    0.000
      	    0.004	    0.000	    0.000	    0.000
      	    0.001	    0.000	   -0.006	    0.000
      	   -0.005	    0.000	    0.001	    0.000
      	    0.001	    0.000	    0.000	    0.000
1325.0	    2.375	    0.404	    0.000	    0.000
      	    0.000	    0.000	    0.000	    0.000
      	    2.120	   -0.355	    0.000	    0.000
      	    0.371	   -0.080	    0.000	    0.000
      	    1.624	   -1.817	   -1.299	   -0.503
      	    0.190	    0.021	    3.221	    1.136
      	    0.069	    0.001	    0.693	    0.062
      	    0.248	    0.002	    0.056	    0.033
      	    0.077	    0.001	   -0.093	   -0.037
      	    0.020	    0.000	   -0.072	    0.002
      	   -0.072	   -0.001	    0.027	    0.003
      	    0.016	    0.000	   -0.015	   -0.001
      	    0.004	    0.000	    0.025	    0.000
      	    0.016	    0.000	    0.000	    0.000
      	    0.005	    0.000	    0.000	    0.000
      	    0.001	    0.000	   -0.006	    0.000
      	   -0.005	    0.000	    0.001	    0.000
      	    0.001	    0.000	   -0.001	    0.000
1330.0	    2.384	    0.408	    0.000	    0.000
      	    0.000	    0.000	    0.000	    0.000
      	    2.103	   -0.364	    0.000	    0.000
      	    0.378	   -0.082	    0.000	    0.000
      	    1.580	   -1.701	   -1.252	   -0.519
      	    0.199	    0.013	    3.187	    1.233
      	    0.071	    0.001	    0.701	    0.066
      	    0.248	    0.002	    0.060	    0.036
      	    0.079	    0.001	   -0.097	   -0.040
      	    0.021	    0.000	   -0.072	    0.002
      	   -0.073	   -0.001	    0.028	    0.003
      	    0.017	    0.000	   -0.016	   -0.001
      	    0.004	    0.000	    0.025	    0.000
      	    0.016	    0.000	    0.001	    0.000
      	    0.005	    0.000	    0.000	    0.000
      	    0.002	    0.000	   -0.006	    0.000
      	   -0.005	    0.000	    0.001	    0.000
      	    0.001	    0.000	   -0.001	    0.000
1335.0	    2.394	    0.412	    0.000	    0.000
      	    0.000	    0.000	    0.000	    0.000
      	    2.085	   -0.373	    0.000	    0.000
      	    0.384	   -0.085	    0.000	    0.000
      	    1.536	   -1.594	   -1.202	   -0.532
      	    0.208	    0.005	    3.141	    1.332
      	    0.072	    0.001	    0.710	    0.071
      	    0.248	    0.002	    0.065	    0.039
      	    0.080	    0.001	   -0.102	   -0.043
      	    0.022	    0.000	   -0.071	    0.002
      	   -0.073	   -0.001	    0.030	    0.003
      	    0.017	    0.000	   -0.016	   -0.001
      	    0.004	    0.000	    0.025	    0.000
      	    0.016	    0.000	    0.001	    0.000
      	    0.005	    0.000	    0.000	    0.000
      	    0.002	    0.000	   -0.006	    0.000
      	   -0.005	    0.000	    0.001	    0.000
      	    0.001	    0.000	   -0.001	    0.000
1340.0	    2.404	    0.417	    0.000	    0.000
      	    0.000	    0.000	    0.000	    0.000
      	    2.066	   -0.381	    0.000	    0.000
      	    0.391	   -0.086	    0.000	    0.000
      	    1.491	   -1.493	   -1.151	   -0.541
      	    0.217	   -0.002	    3.085	    1.431
      	    0.074	    0.001	    0.720	    0.076
      	    0.248	    0.002	    0.071	    0.043
      	    0.082	    0.001	   -0.107	   -0.046
      	    0.022	    0.000	   -0.071	    0.002
      	   -0.074	   -0.001	    0.031	    0.003
      	    0.018	    0.000	   -0.017	   -0.001
      	    0.005	    0.000	    0.025	    0.000
      	    0.016	    0.000	    0.001	    0.000
      	    0.005	    0.000	    0.000	    0.000
      	    0.002	    0.000	   -0.006	    0.000
      	   -0.005	    0.000	    0.001	    0.000
      	    0.001	    0.000	   -0.001	    0.000
1345.0	    2.415	    0.423	    0.000	    0.000
      	    0.000	    0.000	    0.000	    0.000
      	    2.047	   -0.390	    0.000	    0.000
      	    0.397	   -0.088	    0.000	    0.000
      	    1.447	   -1.400	   -1.099	   -0.547
      	    0.226	   -0.009	    3.017	    1.527
      	    0.075	    0.002	    0.729	    0.082
      	    0.248	    0.002	    0.076	    0.047
      	    0.084	    0.001	   -0.112	   -0.050
      	    0.023	    0.000	   -0.070	    0.002
      	   -0.074	   -0.001	    0.032	    0.004
      	    0.019	    0.000	   -0.018	   -0.001
      	    0.005	    0.000	    0.026	    0.000
      	    0.016	    0.000	    0.001	    0.000
      	    0.005	    0.000	    0.000	    0.000
      	    0.002	    0.000	   -0.006	    0.000
      	   -0.005	    0.000	    0.001	    0.000
      	    0.001	    0.000	   -0.001	    0.000
1350.0	    2.427	    0.429	    0.000	    0.000
      	    0.000	    0.000	    0.000	    0.000
      	    2.028	   -0.398	    0.000	    0.000
      	    0.402	   -0.089	    0.000	    0.000
      	    1.402	   -1.314	   -1.047	   -0.548
      	    0.234	   -0.014	    2.938	    1.619
      	    0.077	    0.002	    0.738	    0.088
      	    0.248	    0.002	    0.082	    0.052
      	    0.085	    0.002	   -0.117	   -0.054
      	    0.023	    0.000	   -0.070	    0.002
      	   -0.075	   -0.001	    0.033	    0.004
      	    0.019	    0.000	   -0.019	   -0.002
      	    0.005	    0.000	    0.026	    0.000
      	    0.016	    0.000	    0.001	    0.000
      	    0.006	    0.000	    0.000	    0.000
      	    0.002	    0.000	   -0.006	    0.000
      	   -0.005	    0.000	    0.001	    0.000
      	    0.002	    0.000	   -0.001	    0.000
1355.0	    2.441	    0.437	    0.000	    0.000
      	    0.000	    0.000	    0.000	    0.000
      	    2.008	   -0.407	    0.000	    0.000
      	    0.408	   -0.090	    0.000	    0.000
      	    1.357	   -1.232	   -0.994	   -0.545
      	    0.242	   -0.020	    2.848	    1.706
      	    0.078	    0.002	    0.747	    0.094
      	    0.248	    0.002	    0.088	    0.057
      	    0.087	    0.002	   -0.123	   -0.058
      	    0.024	    0.000	   -0.069	    0.002
      	   -0.075	   -0.001	    0.035	    0.004
      	    0.020	    0.000	   -0.020	   -0.002
      	    0.005	    0.000	    0.026	    0.000
      	    0.016	    0.000	    0.001	    0.000
      	    0.006	    0.000	    0.000	    0.000
      	    0.002	    0.000	   -0.006	    0.000
      	   -0.006	    0.000	    0.001	    0.000
      	    0.002	    0.000	   -0.001	    0.000
1360.0	    2.455	    0.445	    0.000	    0.000
      	    0.000	    0.000	    0.000	    0.000
      	    1.987	   -0.415	    0.000	    0.000
      	    0.413	   -0.091	    0.000	    0.000
      	    1.313	   -1.157	   -0.943	   -0.536
      	    0.250	   -0.025	    2.748	    1.786
      	    0.079	    0.002	    0.757	    0.101
      	    0.248	    0.002	    0.095	    0.062
      	    0.088	    0.002	   -0.129	   -0.063
      	    0.024	    0.000	   -0.068	    0.003
      	   -0.076	   -0.001	    0.036	    0.005
      	    0.021	    0.000	   -0.021	   -0.002
      	    0.006	    0.000	    0.026	    0.000
      	    0.016	    0.000	    0.001	    0.000
      	    0.006	    0.000	    0.000	    0.000
      	    0.002	    0.000	   -0.006	    0.000
      	   -0.006	    0.000	    0.001	    0.000
      	    0.002	    0.000	   -0.001	    0.000
1365.0	    2.471	    0.454	    0.000	    0.000
      	    0.000	    0.000	    0.000	    0.000
      	    1.965	   -0.423	    0.000	    0.000
      	    0.418	   -0.092	    0.000	    0.000
      	    1.269	   -1.085	   -0.892	   -0.523
      	    0.257	   -0.029	    2.639	    1.857
      	    0.081	    0.002	    0.767	    0.108
      	    0.248	    0.003	    0.102	    0.069
      	    0.090	    0.002	   -0.136	   -0.068
      	    0.025	    0.000	   -0.067	    0.003
      	   -0.076	   -0.001	    0.038	    0.005
      	    0.021	    0.000	   -0.023	   -0.002
      	    0.006	    0.000	    0.027	    0.000
      	    0.016	    0.000	    0.001	    0.000
      	    0.006	    0.000	    0.000	    0.000
      	    0.002	    0.000	   -0.006	    0.000
      	   -0.006	    0.000	    0.001	    0.000
      	    0.002	    0.000	   -0.001	    0.000
1370.0	    2.488	    0.465	    0.000	    0.000
      	    0.000	    0.000	    0.000	    0.000
      	    1.943	   -0.431	    0.000	    0.000
      	    0.423	   -0.092	    0.000	    0.000
      	    1.226	   -1.019	   -0.845	   -0.505
      	    0.264	   -0.033	    2.523	    1.918
      	    0.082	    0.002	    0.776	    0.116
      	    0.248	    0.003	    0.109	    0.075
      	    0.091	    0.002	   -0.142	   -0.073
      	    0.025	    0.000	   -0.067	    0.003
      	   -0.077	   -0.001	    0.039	    0.005
      	    0.022	    0.000	   -0.024	   -0.002
      	    0.006	    0.000	    0.027	    0.000
      	    0.016	    0.000	    0.001	    0.000
      	    0.007	    0.000	    0.000	    0.000
      	    0.002	    0.000	   -0.006	    0.000
      	   -0.006	    0.000	    0.001	    0.000
      	    0.002	    0.000	   -0.001	    0.000
1375.0	    2.507	    0.477	    0.000	    0.000
      	    0.000	    0.000	    0.000	    0.000
      	    1.920	   -0.439	    0.000	    0.000
      	    0.428	   -0.093	    0.000	    0.000
      	    1.183	   -0.956	   -0.801	   -0.484
      	    0.271	   -0.037	    2.404	    1.967
      	    0.083	    0.002	    0.786	    0.124
      	    0.248	    0.003	    0.117	    0.083
      	    0.093	    0.002	   -0.150	   -0.079
      	    0.026	    0.000	   -0.066	    0.003
      	   -0.078	   -0.001	    0.041	    0.006
      	    0.023	    0.000	   -0.025	   -0.002
      	    0.006	    0.000	    0.027	    0.000
      	    0.016	    0.000	    0.001	    0.000
      	    0.007	    0.000	    0.000	    0.000
      	    0.002	    0.000	   -0.006	    0.000
      	   -0.006	    0.000	    0.001	    0.000
      	    0.002	    0.000	   -0.001	    0.000
1380.0	    2.527	    0.490	    0.000	    0.000
      	    0.000	    0.000	    0.000	    0.000
      	    1.896	   -0.447	    0.000	    0.000
      	    0.433	   -0.093	    0.000	    0.000
      	    1.142	   -0.898	   -0.761	   -0.460
      	    0.278	   -0.041	    2.283	    2.004
      	    0.084	    0.002	    0.796	    0.133
      	    0.248	    0.003	    0.125	    0.091
      	    0.094	    0.002	   -0.157	   -0.086
      	    0.026	    0.000	   -0.065	    0.003
      	   -0.078	   -0.001	    0.042	    0.006
      	    0.023	    0.000	   -0.026	   -0.002
      	    0.006	    0.000	    0.027	    0.000
      	    0.016	    0.000	    0.001	    0.000
      	    0.007	    0.000	    0.000	    0.000
      	    0.002	    0.000	   -0.006	    0.000
      	   -0.006	    0.000	    0.001	    0.000
      	    0.002	    0.000	   -0.001	    0.000
1385.0	    2.549	    0.505	    0.000	    0.000
      	    0.000	    0.000	    0.000	    0.000
      	    1.872	   -0.455	    0.000	    0.000
      	    0.438	   -0.093	    0.000	    0.000
      	    1.101	   -0.842	   -0.725	   -0.434
      	    0.284	   -0.044	    2.161	    2.028
      	    0.086	    0.002	    0.807	    0.143
      	    0.248	    0.003	    0.134	    0.100
      	    0.096	    0.002	   -0.165	   -0.093
      	    0.027	    0.000	   -0.064	    0.003
      	   -0.079	   -0.001	    0.044	    0.006
      	    0.024	    0.000	   -0.027	   -0.003
      	    0.007	    0.000	    0.028	    0.000
      	    0.016	    0.000	    0.001	    0.000
      	    0.007	    0.000	    0.000	    0.000
      	    0.002	    0.000	   -0.006	    0.000
      	   -0.006	    0.000	    0.001	    0.000
      	    0.002	    0.000	   -0.001	    0.000
1390.0	    2.573	    0.521	    0.000	    0.000
      	    0.000	    0.000	    0.000	    0.000
      	    1.846	   -0.463	    0.000	    0.000
      	    0.442	   -0.093	    0.000	    0.000
      	    1.060	   -0.789	   -0.693	   -0.405
      	    0.290	   -0.047	    2.040	    2.042
      	    0.087	    0.002	    0.817	    0.153
      	    0.248	    0.004	    0.143	    0.110
      	    0.097	    0.002	   -0.173	   -0.102
      	    0.027	    0.000	   -0.063	    0.004
      	   -0.079	   -0.001	    0.046	    0.007
      	    0.025	    0.000	   -0.029	   -0.003
      	    0.007	    0.000	    0.028	    0.000
      	    0.016	    0.000	    0.001	    0.000
      	    0.008	    0.000	    0.000	    0.000
      	    0.002	    0.000	   -0.006	    0.000
      	   -0.006	    0.000	    0.001	    0.000
      	    0.002	    0.000	   -0.001	    0.000
1395.0	    2.599	    0.540	    0.000	    0.000
      	    0.000	    0.000	    0.000	    0.000
      	    1.819	   -0.472	    0.000	    0.000
      	    0.446	   -0.093	    0.000	    0.000
      	    1.021	   -0.740	   -0.666	   -0.376
      	    0.296	   -0.049	    1.923	    2.044
      	    0.088	    0.003	    0.828	    0.164
      	    0.248	    0.004	    0.153	    0.122
      	    0.099	    0.003	   -0.182	   -0.111
      	    0.028	    0.000	   -0.062	    0.004
      	   -0.080	   -0.001	    0.048	    0.007
      	    0.025	    0.000	   -0.030	   -0.003
      	    0.007	    0.000	    0.028	    0.000
      	    0.016	    0.000	    0.001	    0.000
      	    0.008	    0.000	    0.001	    0.000
      	    0.003	    0.000	   -0.006	    0.000
      	   -0.006	    0.000	    0.001	    0.000
      	    0.002	    0.000	   -0.001	    0.000
1400.0	    2.627	    0.560	    0.000	    0.000
      	    0.000	    0.000	    0.000	    0.000
      	    1.792	   -0.480	    0.000	    0.000
      	    0.450	   -0.093	    0.000	    0.000
      	    0.982	   -0.693	   -0.643	   -0.347
      	    0.302	   -0.052	    1.810	    2.036
      	    0.089	    0.003	    0.838	    0.177
      	    0.248	    0.004	    0.163	    0.134
      	    0.100	    0.003	   -0.191	   -0.121
      	    0.028	    0.000	   -0.061	    0.004
      	   -0.080	   -0.001	    0.050	    0.008
      	    0.026	    0.000	   -0.031	   -0.003
      	    0.007	    0.000	    0.028	    0.000
      	    0.016	    0.000	    0.002	    0.000
      	    0.008	    0.000	    0.001	    0.000
      	    0.003	    0.000	   -0.006	    0.000
      	   -0.006	    0.000	    0.001	    0.000
      	    0.003	    0.000	   -0.001	    0.000
1405.0	    2.659	    0.584	    0.000	    0.000
      	    0.000	    0.000	    0.000	    0.000
      	    1.763	   -0.488	    0.000	    0.000
      	    0.455	   -0.092	    0.000	    0.000
      	    0.944	   -0.649	   -0.624	   -0.318
      	    0.308	   -0.054	    1.704	    2.020
      	    0.090	    0.003	    0.849	    0.190
      	    0.248	    0.004	    0.173	    0.148
      	    0.102	    0.003	   -0.201	   -0.132
      	    0.029	    0.000	   -0.060	    0.004
      	   -0.080	   -0.001	    0.052	    0.008
      	    0.027	    0.000	   -0.033	   -0.004
      	    0.008	    0.000	    0.029	    0.000
      	    0.016	    0.000	    0.002	    0.000
      	    0.009	    0.000	    0.001	    0.000
      	    0.003	    0.000	   -0.006	    0.000
      	   -0.006	    0.000	    0.001	    0.000
      	    0.003	    0.000	   -0.001	    0.000
1410.0	    2.693	    0.610	    0.000	    0.000
      	    0.000	    0.000	    0.000	    0.000
      	    1.733	   -0.497	    0.000	    0.000
      	    0.459	   -0.092	    0.000	    0.000
      	    0.906	   -0.608	   -0.608	   -0.291
      	    0.313	   -0.056	    1.603	    1.995
      	    0.091	    0.003	    0.860	    0.205
      	    0.247	    0.005	    0.184	    0.164
      	    0.103	    0.003	   -0.211	   -0.144
      	    0.029	    0.000	   -0.059	    0.005
      	   -0.081	   -0.002	    0.054	    0.009
      	    0.027	    0.000	   -0.034	   -0.004
      	    0.008	    0.000	    0.029	    0.000
      	    0.016	    0.000	    0.002	    0.000
      	    0.009	    0.000	    0.001	    0.000
      	    0.003	    0.000	   -0.006	    0.000
      	   -0.006	    0.000	    0.001	    0.000
      	    0.003	    0.000	   -0.001	    0.000
1415.0	    2.730	    0.639	    0.000	    0.000
      	    0.000	    0.000	    0.000	    0.000
      	    1.702	   -0.506	    0.000	    0.000
      	    0.463	   -0.091	    0.000	    0.000
      	    0.870	   -0.568	   -0.596	   -0.264
      	    0.318	   -0.058	    1.509	    1.965
      	    0.092	    0.003	    0.870	    0.221
      	    0.247	    0.005	    0.195	    0.182
      	    0.105	    0.003	   -0.221	   -0.158
      	    0.030	    0.000	   -0.058	    0.005
      	   -0.081	   -0.002	    0.056	    0.009
      	    0.028	    0.000	   -0.036	   -0.004
      	    0.008	    0.000	    0.029	    0.000
      	    0.016	    0.000	    0.002	    0.000
      	    0.009	    0.000	    0.001	    0.000
      	    0.003	    0.000	   -0.006	    0.000
      	   -0.006	    0.000	    0.001	    0.000
      	    0.003	    0.000	   -0.001	    0.000
1420.0	    2.770	    0.672	    0.000	    0.000
      	    0.000	    0.000	    0.000	    0.000
      	    1.669	   -0.515	    0.000	    0.000
      	    0.466	   -0.090	    0.000	    0.000
      	    0.835	   -0.531	   -0.586	   -0.239
      	    0.323	   -0.060	    1.422	    1.929
      	    0.093	    0.003	    0.881	    0.238
      	    0.247	    0.005	    0.206	    0.202
      	    0.106	    0.003	   -0.231	   -0.174
      	    0.030	    0.000	   -0.056	    0.005
      	   -0.082	   -0.002	    0.058	    0.010
      	    0.029	    0.000	   -0.037	   -0.005
      	    0.008	    0.000	    0.029	    0.000
      	    0.016	    0.000	    0.002	    0.000
      	    0.009	    0.000	    0.001	    0.000
      	    0.003	    0.000	   -0.006	    0.000
      	   -0.006	    0.000	    0.001	    0.000
      	    0.003	    0.000	   -0.001	    0.000
1425.0	    2.814	    0.710	    0.000	    0.000
      	    0.000	    0.000	    0.000	    0.000
      	    1.634	   -0.525	    0.000	    0.000
      	    0.470	   -0.089	    0.000	    0.000
      	    0.800	   -0.496	   -0.579	   -0.217
      	    0.328	   -0.061	    1.342	    1.889
      	    0.094	    0.003	    0.891	    0.257
      	    0.247	    0.006	    0.218	    0.224
      	    0.108	    0.003	   -0.242	   -0.191
      	    0.031	    0.000	   -0.055	    0.006
      	   -0.082	   -0.002	    0.060	    0.011
      	    0.030	    0.000	   -0.039	   -0.005
      	    0.009	    0.000	    0.029	    0.000
      	    0.016	    0.000	    0.002	    0.000
      	    0.010	    0.000	    0.001	    0.000
      	    0.003	    0.000	   -0.006	    0.000
      	   -0.006	    0.000	    0.001	    0.000
      	    0.003	    0.000	   -0.001	    0.000
1430.0	    2.863	    0.752	    0.000	    0.000
      	    0.000	    0.000	    0.000	    0.000
      	    1.597	   -0.536	    0.000	    0.000
      	    0.474	   -0.088	    0.000	    0.000
      	    0.766	   -0.463	   -0.573	   -0.196
      	    0.333	   -0.062	    1.269	    1.846
      	    0.095	    0.003	    0.902	    0.278
      	    0.247	    0.006	    0.229	    0.249
      	    0.109	    0.004	   -0.252	   -0.210
      	    0.031	    0.000	   -0.053	    0.006
      	   -0.083	   -0.002	    0.063	    0.012
      	    0.030	    0.000	   -0.041	   -0.005
      	    0.009	    0.000	    0.030	    0.000
      	    0.016	    0.000	    0.002	    0.000
      	    0.010	    0.000	    0.001	    0.000
      	    0.003	    0.000	   -0.006	    0.000
      	   -0.006	    0.000	    0.001	    0.000
      	    0.003	    0.000	   -0.001	    0.000
1435.0	    2.916	    0.800	    0.000	    0.000
      	    0.000	    0.000	    0.000	    0.000
      	    1.559	   -0.547	    0.000	    0.000
      	    0.477	   -0.087	    0.000	    0.000
      	    0.733	   -0.431	   -0.569	   -0.176
      	    0.337	   -0.064	    1.201	    1.801
      	    0.096	    0.004	    0.911	    0.301
      	    0.247	    0.006	    0.240	    0.277
      	    0.110	    0.004	   -0.262	   -0.232
      	    0.032	    0.000	   -0.052	    0.006
      	   -0.083	   -0.002	    0.065	    0.012
      	    0.031	    0.000	   -0.042	   -0.006
      	    0.009	    0.000	    0.030	    0.000
      	    0.016	    0.000	    0.002	    0.000
      	    0.010	    0.000	    0.001	    0.000
      	    0.003	    0.000	   -0.006	    0.000
      	   -0.007	    0.000	    0.001	    0.000
      	    0.003	    0.000	   -0.002	    0.000
1440.0	    2.974	    0.855	    0.000	    0.000
      	    0.000	    0.000	    0.000	    0.000
      	    1.518	   -0.560	    0.000	    0.000
      	    0.481	   -0.086	    0.000	    0.000
      	    0.701	   -0.401	   -0.566	   -0.158
      	    0.341	   -0.065	    1.139	    1.754
      	    0.097	    0.004	    0.920	    0.326
      	    0.247	    0.007	    0.250	    0.309
      	    0.112	    0.004	   -0.272	   -0.257
      	    0.032	    0.000	   -0.051	    0.007
      	   -0.084	   -0.002	    0.068	    0.013
      	    0.032	    0.000	   -0.044	   -0.006
      	    0.009	    0.000	    0.030	    0.000
      	    0.016	    0.000	    0.002	    0.000
      	    0.011	    0.000	    0.001	    0.000
      	    0.004	    0.000	   -0.006	    0.000
      	   -0.007	    0.000	    0.001	    0.000
      	    0.004	    0.000	   -0.002	    0.000
1445.0	    3.037	    0.919	    0.000	    0.000
      	    0.000	    0.000	    0.000	    0.000
      	    1.475	   -0.574	    0.000	    0.000
      	    0.484	   -0.084	    0.000	    0.000
      	    0.670	   -0.373	   -0.564	   -0.142
      	    0.345	   -0.066	    1.082	    1.707
      	    0.098	    0.004	    0.927	    0.354
      	    0.247	    0.007	    0.258	    0.344
      	    0.113	    0.004	   -0.280	   -0.284
      	    0.033	    0.000	   -0.049	    0.007
      	   -0.084	   -0.002	    0.070	    0.014
      	    0.032	    0.000	   -0.046	   -0.007
      	    0.010	    0.000	    0.030	    0.000
      	    0.016	    0.000	    0.002	    0.000
      	    0.011	    0.000	    0.001	    0.000
      	    0.004	    0.000	   -0.006	    0.000
      	   -0.007	    0.000	    0.001	    0.000
      	    0.004	    0.000	   -0.002	    0.000
1450.0	    3.107	    0.992	    0.000	    0.000
      	    0.000	    0.000	    0.000	    0.000
      	    1.428	   -0.590	    0.000	    0.000
      	    0.487	   -0.083	    0.000	    0.000
      	    0.639	   -0.346	   -0.563	   -0.127
      	    0.349	   -0.066	    1.031	    1.659
      	    0.099	    0.004	    0.933	    0.384
      	    0.247	    0.008	    0.265	    0.384
      	    0.114	    0.004	   -0.288	   -0.315
      	    0.033	    0.000	   -0.047	    0.008
      	   -0.085	   -0.002	    0.073	    0.015
      	    0.033	    0.000	   -0.048	   -0.007
      	    0.010	    0.000	    0.030	    0.000
      	    0.016	    0.000	    0.002	    0.000
      	    0.011	    0.000	    0.001	    0.000
      	    0.004	    0.000	   -0.006	    0.000
      	   -0.007	    0.000	    0.001	    0.000
      	    0.004	    0.000	   -0.002	    0.000
1455.0	    3.184	    1.077	    0.000	    0.000
      	    0.000	    0.000	    0.000	    0.000
      	    1.379	   -0.608	    0.000	    0.000
      	    0.490	   -0.081	    0.000	    0.000
      	    0.610	   -0.321	   -0.562	   -0.114
      	    0.353	   -0.067	    0.984	    1.611
      	    0.100	    0.004	    0.937	    0.417
      	    0.247	    0.008	    0.269	    0.428
      	    0.116	    0.005	   -0.293	   -0.349
      	    0.034	    0.000	   -0.046	    0.008
      	   -0.085	   -0.002	    0.076	    0.016
      	    0.034	    0.000	   -0.050	   -0.008
      	    0.010	    0.000	    0.031	    0.000
      	    0.016	    0.000	    0.003	    0.000
      	    0.012	    0.000	    0.001	    0.000
      	    0.004	    0.000	   -0.006	    0.000
      	   -0.007	    0.000	    0.001	    0.000
      	    0.004	    0.000	   -0.002	    0.000
1460.0	    3.266	    1.176	    0.000	    0.000
      	    0.000	    0.000	    0.000	    0.000
      	    1.325	   -0.629	    0.000	    0.000
      	    0.493	   -0.079	    0.000	    0.000
      	    0.581	   -0.297	   -0.562	   -0.102
      	    0.356	   -0.067	    0.941	    1.564
      	    0.101	    0.005	    0.938	    0.453
      	    0.247	    0.009	    0.269	    0.477
      	    0.117	    0.005	   -0.295	   -0.386
      	    0.034	    0.000	   -0.044	    0.009
      	   -0.086	   -0.003	    0.079	    0.018
      	    0.035	    0.000	   -0.052	   -0.008
      	    0.010	    0.000	    0.031	    0.000
      	    0.016	    0.000	    0.003	    0.000
      	    0.012	    0.000	    0.001	    0.000
      	    0.004	    0.000	   -0.006	    0.000
      	   -0.007	    0.000	    0.002	    0.000
      	    0.004	    0.000	   -0.002	    0.000
1465.0	    3.356	    1.293	    0.000	    0.000
      	    0.000	    0.000	    0.000	    0.000
      	    1.266	   -0.654	    0.000	    0.000
      	    0.496	   -0.077	    0.000	    0.000
      	    0.553	   -0.274	   -0.561	   -0.091
      	    0.359	   -0.068	    0.902	    1.518
      	    0.101	    0.005	    0.936	    0.491
      	    0.247	    0.009	    0.264	    0.531
      	    0.118	    0.005	   -0.294	   -0.427
      	    0.035	    0.000	   -0.042	    0.009
      	   -0.086	   -0.003	    0.082	    0.019
      	    0.035	    0.000	   -0.054	   -0.009
      	    0.010	    0.000	    0.031	    0.000
      	    0.016	    0.000	    0.003	    0.000
      	    0.012	    0.000	    0.001	    0.000
      	    0.004	    0.000	   -0.006	    0.000
      	   -0.007	    0.000	    0.002	    0.000
      	    0.004	    0.000	   -0.002	    0.000
1470.0	    3.454	    1.432	    0.000	    0.000
      	    0.000	    0.000	    0.000	    0.000
      	    1.204	   -0.683	    0.000	    0.000
      	    0.499	   -0.075	    0.000	    0.000
      	    0.526	   -0.253	   -0.562	   -0.081
      	    0.362	   -0.068	    0.865	    1.473
      	    0.102	    0.005	    0.929	    0.531
      	    0.247	    0.010	    0.252	    0.589
      	    0.120	    0.005	   -0.287	   -0.472
      	    0.035	    0.000	   -0.040	    0.010
      	   -0.086	   -0.003	    0.085	    0.020
      	    0.036	    0.000	   -0.056	   -0.010
      	    0.011	    0.000	    0.031	    0.000
      	    0.016	    0.000	    0.003	    0.000
      	    0.013	    0.000	    0.001	    0.000
      	    0.004	    0.000	   -0.006	    0.000
      	   -0.007	    0.000	    0.002	    0.000
      	    0.004	    0.000	   -0.002	    0.000
1475.0	    3.561	    1.599	    0.000	    0.000
      	    0.000	    0.000	    0.000	    0.000
      	    1.138	   -0.719	    0.000	    0.000
      	    0.502	   -0.073	    0.000	    0.000
      	    0.499	   -0.233	   -0.562	   -0.072
      	    0.365	   -0.068	    0.831	    1.428
      	    0.103	    0.005	    0.917	    0.574
      	    0.248	    0.011	    0.232	    0.651
      	    0.121	    0.006	   -0.275	   -0.519
      	    0.036	    0.000	   -0.038	    0.011
      	   -0.087	   -0.003	    0.089	    0.022
      	    0.037	    0.000	   -0.059	   -0.010
      	    0.011	    0.000	    0.031	    0.000
      	    0.016	    0.000	    0.003	    0.000
      	    0.013	    0.000	    0.001	    0.000
      	    0.004	    0.000	   -0.006	    0.000
      	   -0.007	    0.000	    0.002	    0.000
      	    0.005	    0.000	   -0.002	    0.000
1480.0	    3.662	    1.800	    0.000	    0.000
      	    0.000	    0.000	    0.000	    0.000
      	    1.057	   -0.762	    0.000	    0.000
      	    0.505	   -0.070	    0.000	    0.000
      	    0.474	   -0.214	   -0.563	   -0.063
      	    0.367	   -0.068	    0.800	    1.385
      	    0.104	    0.005	    0.898	    0.617
      	    0.248	    0.011	    0.202	    0.715
      	    0.122	    0.006	   -0.255	   -0.568
      	    0.036	    0.000	   -0.036	    0.012
      	   -0.087	   -0.003	    0.092	    0.023
      	    0.037	    0.000	   -0.061	   -0.011
      	    0.011	    0.000	    0.032	    0.000
      	    0.016	    0.000	    0.003	    0.000
      	    0.013	    0.000	    0.001	    0.000
      	    0.004	    0.000	   -0.006	    0.000
      	   -0.007	    0.000	    0.002	    0.000
      	    0.005	    0.000	   -0.002	    0.000
1485.0	    3.745	    2.037	    0.000	    0.000
      	    0.000	    0.000	    0.000	    0.000
      	    0.955	   -0.821	    0.000	    0.000
      	    0.508	   -0.068	    0.000	    0.000
      	    0.450	   -0.196	   -0.564	   -0.055
      	    0.370	   -0.068	    0.771	    1.343
      	    0.104	    0.006	    0.872	    0.660
      	    0.248	    0.012	    0.160	    0.780
      	    0.123	    0.006	   -0.226	   -0.618
      	    0.037	    0.000	   -0.034	    0.013
      	   -0.088	   -0.003	    0.096	    0.025
      	    0.038	    0.000	   -0.064	   -0.012
      	    0.011	    0.000	    0.032	    0.000
      	    0.016	    0.000	    0.003	    0.000
      	    0.014	    0.000	    0.001	    0.000
      	    0.005	    0.000	   -0.006	    0.000
      	   -0.007	    0.000	    0.002	    0.000
      	    0.005	    0.000	   -0.002	    0.000
1490.0	    3.481	    2.437	    0.000	    0.000
      	    0.000	    0.000	    0.000	    0.000
      	    0.959	   -0.953	    0.000	    0.000
      	    0.510	   -0.065	    0.000	    0.000
      	    0.426	   -0.180	   -0.565	   -0.048
      	    0.372	   -0.068	    0.745	    1.303
      	    0.105	    0.006	    0.839	    0.700
      	    0.248	    0.013	    0.105	    0.842
      	    0.124	    0.007	   -0.188	   -0.665
      	    0.037	    0.001	   -0.032	    0.013
      	   -0.088	   -0.003	    0.100	    0.027
      	    0.039	    0.000	   -0.066	   -0.013
      	    0.012	    0.000	    0.032	    0.000
      	    0.016	    0.000	    0.003	    0.000
      	    0.014	    0.000	    0.001	    0.000
      	    0.005	    0.000	   -0.006	    0.000
      	   -0.007	    0.000	    0.002	    0.000
      	    0.005	    0.000	   -0.002	    0.000
1495.0	    3.238	    2.749	    0.000	    0.000
      	    0.000	    0.000	    0.000	    0.000
      	    0.978	   -1.081	    0.000	    0.000
      	    0.512	   -0.062	    0.000	    0.000
      	    0.404	   -0.164	   -0.565	   -0.041
      	    0.373	   -0.067	    0.720	    1.263
      	    0.105	    0.006	    0.799	    0.736
      	    0.248	    0.014	    0.037	    0.899
      	    0.125	    0.007	   -0.140	   -0.709
      	    0.038	    0.001	   -0.029	    0.014
      	   -0.089	   -0.004	    0.104	    0.029
      	    0.040	    0.001	   -0.069	   -0.014
      	    0.012	    0.000	    0.032	    0.000
      	    0.016	    0.000	    0.003	    0.000
      	    0.014	    0.000	    0.001	    0.000
      	    0.005	    0.000	   -0.006	    0.000
      	   -0.007	    0.000	    0.002	    0.000
      	    0.005	    0.000	   -0.002	    0.000
1500.0	    3.003	    3.023	    0.000	    0.000
      	    0.000	    0.000	    0.000	    0.000
      	    1.010	   -1.205	    0.000	    0.000
      	    0.515	   -0.059	    0.000	    0.000
      	    0.382	   -0.149	   -0.566	   -0.035
      	    0.375	   -0.067	    0.697	    1.225
      	    0.106	    0.007	    0.751	    0.765
      	    0.249	    0.015	   -0.043	    0.946
      	    0.127	    0.007	   -0.084	   -0.746
      	    0.038	    0.001	   -0.027	    0.016
      	   -0.089	   -0.004	    0.108	    0.031
      	    0.040	    0.001	   -0.072	   -0.016
      	    0.012	    0.000	    0.032	    0.000
      	    0.016	    0.000	    0.003	    0.000
      	    0.015	    0.000	    0.000	    0.000
      	    0.005	    0.000	   -0.006	    0.000
      	   -0.007	    0.000	    0.002	    0.000
      	    0.005	    0.000	   -0.002	    0.000
1505.0	    2.731	    3.276	    0.000	    0.000
      	    0.000	    0.000	    0.000	    0.000
      	    1.060	   -1.319	    0.000	    0.000
      	    0.516	   -0.056	    0.000	    0.000
      	    0.361	   -0.135	   -0.567	   -0.029
      	    0.376	   -0.067	    0.675	    1.189
      	    0.106	    0.007	    0.700	    0.786
      	    0.249	    0.016	   -0.133	    0.979
      	    0.128	    0.008	   -0.020	   -0.773
      	    0.038	    0.001	   -0.024	    0.017
      	   -0.090	   -0.004	    0.113	    0.034
      	    0.041	    0.001	   -0.075	   -0.017
      	    0.012	    0.000	    0.033	    0.000
      	    0.016	    0.000	    0.004	    0.000
      	    0.015	    0.000	    0.000	    0.000
      	    0.005	    0.000	   -0.006	    0.000
      	   -0.007	    0.000	    0.002	    0.000
      	    0.006	    0.000	   -0.002	    0.000
1510.0	    2.416	    3.495	    0.000	    0.000
      	    0.000	    0.000	    0.000	    0.000
      	    1.131	   -1.419	    0.000	    0.000
      	    0.517	   -0.053	    0.000	    0.000
      	    0.341	   -0.122	   -0.567	   -0.024
      	    0.377	   -0.067	    0.654	    1.153
      	    0.107	    0.007	    0.646	    0.796
      	    0.249	    0.017	   -0.230	    0.998
      	    0.129	    0.008	    0.049	   -0.789
      	    0.039	    0.001	   -0.022	    0.018
      	   -0.090	   -0.004	    0.117	    0.037
      	    0.042	    0.001	   -0.078	   -0.018
      	    0.013	    0.000	    0.033	    0.000
      	    0.016	    0.000	    0.004	    0.000
      	    0.015	    0.000	    0.000	    0.000
      	    0.005	    0.000	   -0.006	    0.000
      	   -0.007	    0.000	    0.002	    0.000
      	    0.006	    0.000	   -0.002	    0.000
1515.0	    2.062	    3.663	    0.000	    0.000
      	    0.000	    0.000	    0.000	    0.000
      	    1.222	   -1.501	    0.000	    0.000
      	    0.518	   -0.049	    0.000	    0.000
      	    0.322	   -0.110	   -0.567	   -0.019
      	    0.377	   -0.066	    0.635	    1.120
      	    0.107	    0.008	    0.594	    0.797
      	    0.250	    0.018	   -0.328	    0.999
      	    0.130	    0.009	    0.119	   -0.792
      	    0.039	    0.001	   -0.019	    0.020
      	   -0.090	   -0.004	    0.122	    0.040
      	    0.042	    0.001	   -0.081	   -0.020
      	    0.013	    0.000	    0.033	    0.000
      	    0.016	    0.000	    0.004	    0.000
      	    0.016	    0.000	    0.000	    0.000
      	    0.005	    0.000	   -0.006	    0.000
      	   -0.008	    0.000	    0.002	    0.000
      	    0.006	    0.000	   -0.003	    0.000
1520.0	    1.683	    3.766	    0.000	    0.000
      	    0.000	    0.000	    0.000	    0.000
      	    1.330	   -1.560	    0.000	    0.000
      	    0.519	   -0.046	    0.000	    0.000
      	    0.304	   -0.098	   -0.567	   -0.014
      	    0.378	   -0.066	    0.617	    1.087
      	    0.108	    0.008	    0.546	    0.789
      	    0.250	    0.020	   -0.424	    0.983
      	    0.131	    0.009	    0.187	   -0.783
      	    0.040	    0.001	   -0.016	    0.021
      	   -0.091	   -0.005	    0.127	    0.043
      	    0.043	    0.001	   -0.084	   -0.022
      	    0.013	    0.000	    0.033	    0.000
      	    0.016	    0.000	    0.004	    0.000
      	    0.016	    0.000	    0.000	    0.000
      	    0.005	    0.000	   -0.006	    0.000
      	   -0.008	    0.000	    0.002	    0.000
      	    0.006	    0.000	   -0.003	    0.000
1525.0	    1.294	    3.798	    0.000	    0.000
      	    0.000	    0.000	    0.000	    0.000
      	    1.448	   -1.590	    0.000	    0.000
      	    0.520	   -0.042	    0.000	    0.000
      	    0.287	   -0.087	   -0.568	   -0.009
      	    0.378	   -0.066	    0.599	    1.055
      	    0.108	    0.008	    0.503	    0.774
      	    0.251	    0.021	   -0.513	    0.952
      	    0.131	    0.009	    0.251	   -0.763
      	    0.040	    0.001	   -0.013	    0.023
      	   -0.091	   -0.005	    0.132	    0.047
      	    0.044	    0.001	   -0.088	   -0.024
      	    0.013	    0.000	    0.034	    0.000
      	    0.016	    0.000	    0.004	    0.000
      	    0.016	    0.000	    0.000	    0.000
      	    0.006	    0.000	   -0.006	    0.000
      	   -0.008	    0.000	    0.002	    0.000
      	    0.006	    0.000	   -0.003	    0.000
1530.0	    0.917	    3.762	    0.000	    0.000
      	    0.000	    0.000	    0.000	    0.000
      	    1.567	   -1.590	    0.000	    0.000
      	    0.521	   -0.038	    0.000	    0.000
      	    0.271	   -0.077	   -0.569	   -0.004
      	    0.378	   -0.066	    0.582	    1.024
      	    0.108	    0.009	    0.468	    0.753
      	    0.251	    0.023	   -0.593	    0.909
      	    0.132	    0.010	    0.308	   -0.735
      	    0.040	    0.001	   -0.010	    0.025
      	   -0.092	   -0.005	    0.138	    0.051
      	    0.045	    0.001	   -0.091	   -0.026
      	    0.014	    0.000	    0.034	    0.000
      	    0.016	    0.000	    0.004	    0.000
      	    0.017	    0.000	    0.000	    0.000
      	    0.006	    0.000	   -0.006	    0.000
      	   -0.008	    0.000	    0.002	    0.000
      	    0.006	    0.000	   -0.003	    0.000
1535.0	    0.571	    3.664	    0.000	    0.000
      	    0.000	    0.000	    0.000	    0.000
      	    1.680	   -1.561	    0.000	    0.000
      	    0.521	   -0.034	    0.000	    0.000
      	    0.256	   -0.067	   -0.570	    0.001
      	    0.377	   -0.066	    0.566	    0.995
      	    0.109	    0.009	    0.441	    0.731
      	    0.252	    0.025	   -0.661	    0.858
      	    0.133	    0.010	    0.357	   -0.700
      	    0.041	    0.001	   -0.007	    0.027
      	   -0.092	   -0.005	    0.143	    0.055
      	    0.045	    0.001	   -0.095	   -0.028
      	    0.014	    0.000	    0.034	    0.000
      	    0.016	    0.000	    0.004	    0.000
      	    0.017	    0.000	    0.000	    0.000
      	    0.006	    0.000	   -0.006	    0.000
      	   -0.008	    0.000	    0.002	    0.000
      	    0.007	    0.000	   -0.003	    0.000
1540.0	    0.268	    3.518	    0.000	    0.000
      	    0.000	    0.000	    0.000	    0.000
      	    1.780	   -1.506	    0.000	    0.000
      	    0.521	   -0.030	    0.000	    0.000
      	    0.241	   -0.058	   -0.569	    0.005
      	    0.376	   -0.066	    0.551	    0.967
      	    0.109	    0.009	    0.421	    0.710
      	    0.252	    0.027	   -0.718	    0.801
      	    0.134	    0.011	    0.398	   -0.660
      	    0.041	    0.001	   -0.004	    0.029
      	   -0.093	   -0.005	    0.149	    0.060
      	    0.046	    0.001	   -0.099	   -0.031
      	    0.014	    0.000	    0.034	    0.000
      	    0.016	    0.000	    0.004	    0.000
      	    0.017	    0.000	    0.000	    0.000
      	    0.006	    0.000	   -0.006	    0.000
      	   -0.008	    0.000	    0.002	    0.000
      	    0.007	    0.000	   -0.003	    0.000
1545.0	    0.016	    3.342	    0.000	    0.000
      	    0.000	    0.000	    0.000	    0.000
      	    1.864	   -1.431	    0.000	    0.000
      	    0.521	   -0.026	    0.000	    0.000
      	    0.228	   -0.049	   -0.570	    0.010
      	    0.375	   -0.066	    0.536	    0.940
      	    0.109	    0.010	    0.407	    0.689
      	    0.253	    0.029	   -0.763	    0.742
      	    0.134	    0.012	    0.430	   -0.619
      	    0.042	    0.001	   -0.001	    0.032
      	   -0.093	   -0.006	    0.155	    0.066
      	    0.047	    0.001	   -0.103	   -0.034
      	    0.014	    0.000	    0.034	    0.000
      	    0.016	    0.000	    0.004	    0.000
      	    0.018	    0.000	    0.000	    0.000
      	    0.006	    0.000	   -0.006	    0.000
      	   -0.008	    0.000	    0.002	    0.000
      	    0.007	    0.000	   -0.003	    0.000
1550.0	   -0.185	    3.150	    0.000	    0.000
      	    0.000	    0.000	    0.000	    0.000
      	    1.928	   -1.341	    0.000	    0.000
      	    0.521	   -0.022	    0.000	    0.000
      	    0.215	   -0.040	   -0.570	    0.014
      	    0.374	   -0.066	    0.522	    0.913
      	    0.109	    0.010	    0.397	    0.672
      	    0.253	    0.031	   -0.798	    0.682
      	    0.135	    0.012	    0.454	   -0.578
      	    0.042	    0.001	    0.003	    0.035
      	   -0.093	   -0.006	    0.162	    0.072
      	    0.047	    0.001	   -0.107	   -0.038
      	    0.015	    0.000	    0.035	    0.000
      	    0.016	    0.000	    0.005	    0.000
      	    0.018	    0.000	    0.000	    0.000
      	    0.006	    0.000	   -0.006	    0.000
      	   -0.008	    0.000	    0.002	    0.000
      	    0.007	    0.000	   -0.003	    0.000
1555.0	   -0.336	    2.958	    0.000	    0.000
      	    0.000	    0.000	    0.000	    0.000
      	    1.974	   -1.241	    0.000	    0.000
      	    0.521	   -0.018	    0.000	    0.000
      	    0.203	   -0.032	   -0.572	    0.019
      	    0.372	   -0.067	    0.508	    0.888
      	    0.109	    0.011	    0.391	    0.659
      	    0.254	    0.034	   -0.824	    0.624
      	    0.135	    0.013	    0.472	   -0.537
      	    0.042	    0.001	    0.006	    0.038
      	   -0.094	   -0.006	    0.168	    0.078
      	    0.048	    0.001	   -0.112	   -0.041
      	    0.015	    0.000	    0.035	    0.000
      	    0.016	    0.000	    0.005	    0.000
      	    0.018	    0.000	    0.000	    0.000
      	    0.006	    0.000	   -0.006	    0.000
      	   -0.008	    0.000	    0.002	    0.000
      	    0.007	    0.000	   -0.003	    0.000
1560.0	   -0.444	    2.774	    0.000	    0.000
      	    0.000	    0.000	    0.000	    0.000
      	    2.002	   -1.134	    0.000	    0.000
      	    0.521	   -0.014	    0.000	    0.000
      	    0.192	   -0.025	   -0.572	    0.023
      	    0.370	   -0.068	    0.495	    0.864
      	    0.109	    0.011	    0.387	    0.649
      	    0.254	    0.037	   -0.842	    0.568
      	    0.136	    0.013	    0.484	   -0.499
      	    0.043	    0.001	    0.010	    0.042
      	   -0.094	   -0.007	    0.175	    0.086
      	    0.049	    0.001	   -0.116	   -0.046
      	    0.015	    0.000	    0.035	    0.000
      	    0.016	    0.000	    0.005	    0.000
      	    0.019	    0.000	    0.000	    0.000
      	    0.006	    0.000	   -0.006	    0.000
      	   -0.008	    0.000	    0.002	    0.000
      	    0.008	    0.000	   -0.003	    0.000
1565.0	   -0.515	    2.606	    0.000	    0.000
      	    0.000	    0.000	    0.000	    0.000
      	    2.013	   -1.024	    0.000	    0.000
      	    0.521	   -0.010	    0.000	    0.000
      	    0.182	   -0.017	   -0.573	    0.028
      	    0.368	   -0.069	    0.482	    0.840
      	    0.109	    0.012	    0.384	    0.642
      	    0.255	    0.040	   -0.855	    0.516
      	    0.136	    0.014	    0.492	   -0.463
      	    0.043	    0.001	    0.014	    0.046
      	   -0.095	   -0.007	    0.182	    0.094
      	    0.049	    0.001	   -0.121	   -0.050
      	    0.015	    0.000	    0.035	    0.000
      	    0.015	    0.000	    0.005	    0.000
      	    0.019	    0.000	    0.000	    0.000
      	    0.007	    0.000	   -0.006	    0.000
      	   -0.008	    0.000	    0.003	    0.000
      	    0.008	    0.000	   -0.003	    0.000
1570.0	   -0.557	    2.457	    0.000	    0.000
      	    0.000	    0.000	    0.000	    0.000
      	    2.008	   -0.914	    0.000	    0.000
      	    0.520	   -0.005	    0.000	    0.000
      	    0.172	   -0.010	   -0.573	    0.032
      	    0.366	   -0.070	    0.469	    0.817
      	    0.109	    0.012	    0.381	    0.639
      	    0.255	    0.043	   -0.862	    0.466
      	    0.136	    0.015	    0.496	   -0.429
      	    0.043	    0.001	    0.017	    0.050
      	   -0.095	   -0.007	    0.188	    0.103
      	    0.050	    0.001	   -0.125	   -0.055
      	    0.015	    0.000	    0.035	    0.000
      	    0.015	    0.000	    0.005	    0.000
      	    0.020	    0.000	    0.000	    0.000
      	    0.007	    0.000	   -0.005	    0.000
      	   -0.008	    0.000	    0.003	    0.000
      	    0.008	    0.000	   -0.003	    0.000
1575.0	   -0.575	    2.327	    0.000	    0.000
      	    0.000	    0.000	    0.000	    0.000
      	    1.991	   -0.808	    0.000	    0.000
      	    0.520	   -0.001	    0.000	    0.000
      	    0.163	   -0.003	   -0.575	    0.037
      	    0.363	   -0.072	    0.457	    0.795
      	    0.108	    0.013	    0.378	    0.639
      	    0.255	    0.047	   -0.865	    0.421
      	    0.137	    0.015	    0.497	   -0.398
      	    0.044	    0.001	    0.021	    0.055
      	   -0.096	   -0.007	    0.195	    0.114
      	    0.051	    0.001	   -0.130	   -0.061
      	    0.016	    0.000	    0.035	    0.000
      	    0.015	    0.000	    0.005	    0.000
      	    0.020	    0.000	    0.000	    0.000
      	    0.007	    0.000	   -0.005	    0.000
      	   -0.008	    0.000	    0.003	    0.000
      	    0.008	    0.000	   -0.003	    0.000
