W(MeV)	Re(+)+	Im(+)+	Re(+)-	Im(+)-
1080.0	    3.588	    0.039	    0.000	    0.000
      	    0.000	    0.000	    0.000	    0.000
      	   -1.078	    0.052	    0.000	    0.000
      	   -0.140	    0.000	    0.000	    0.000
      	    1.358	    0.002	   -1.305	    0.001
      	   -0.303	    0.000	    0.288	    0.000
      	    0.003	    0.000	   -0.039	    0.000
      	   -0.023	    0.000	    0.003	    0.000
      	   -0.001	    0.000	    0.004	    0.000
      	    0.000	    0.000	    0.002	    0.000
      	    0.002	    0.000	    0.000	    0.000
      	    0.000	    0.000	    0.000	    0.000
      	    0.000	    0.000	    0.000	    0.000
      	    0.000	    0.000	    0.000	    0.000
      	    0.000	    0.000	    0.000	    0.000
      	    0.000	    0.000	    0.000	    0.000
      	    0.000	    0.000	    0.000	    0.000
      	    0.000	    0.000	    0.000	    0.000
1085.0	    3.512	    0.097	    0.000	    0.000
      	    0.000	    0.000	    0.000	    0.000
      	   -1.095	    0.127	    0.000	    0.000
      	   -0.179	   -0.002	    0.000	    0.000
      	    1.837	    0.013	   -1.663	    0.003
      	   -0.392	   -0.003	    0.373	   -0.001
      	    0.005	    0.000	   -0.066	    0.000
      	   -0.038	    0.000	    0.006	    0.000
      	   -0.002	    0.000	    0.006	    0.000
      	    0.000	    0.000	    0.005	    0.000
      	    0.004	    0.000	    0.000	    0.000
      	    0.000	    0.000	    0.000	    0.000
      	    0.000	    0.000	    0.000	    0.000
      	    0.000	    0.000	    0.000	    0.000
      	    0.000	    0.000	    0.000	    0.000
      	    0.000	    0.000	    0.000	    0.000
      	    0.000	    0.000	    0.000	    0.000
      	    0.000	    0.000	    0.000	    0.000
1090.0	    3.439	    0.134	    0.000	    0.000
      	    0.000	    0.000	    0.000	    0.000
      	   -1.113	    0.173	    0.000	    0.000
      	   -0.207	   -0.004	    0.000	    0.000
      	    2.254	    0.033	   -1.920	    0.007
      	   -0.459	   -0.007	    0.439	   -0.002
      	    0.006	    0.000	   -0.092	    0.000
      	   -0.053	    0.000	    0.009	    0.000
      	   -0.003	    0.000	    0.008	    0.000
      	   -0.001	    0.000	    0.008	    0.000
      	    0.006	    0.000	    0.000	    0.000
      	    0.000	    0.000	   -0.001	    0.000
      	    0.000	    0.000	   -0.001	    0.000
      	   -0.001	    0.000	    0.000	    0.000
      	    0.000	    0.000	    0.000	    0.000
      	    0.000	    0.000	    0.000	    0.000
      	    0.000	    0.000	    0.000	    0.000
      	    0.000	    0.000	    0.000	    0.000
1095.0	    3.368	    0.162	    0.000	    0.000
      	    0.000	    0.000	    0.000	    0.000
      	   -1.131	    0.215	    0.000	    0.000
      	   -0.229	   -0.008	    0.000	    0.000
      	    2.643	    0.066	   -2.116	    0.011
      	   -0.516	   -0.013	    0.494	   -0.003
      	    0.008	    0.000	   -0.116	    0.000
      	   -0.066	    0.000	    0.012	    0.000
      	   -0.004	    0.000	    0.010	    0.000
      	   -0.001	    0.000	    0.011	    0.000
      	    0.008	    0.000	    0.000	    0.000
      	    0.000	    0.000	   -0.001	    0.000
      	    0.000	    0.000	   -0.001	    0.000
      	   -0.001	    0.000	    0.000	    0.000
      	    0.000	    0.000	    0.000	    0.000
      	    0.000	    0.000	    0.000	    0.000
      	    0.000	    0.000	    0.000	    0.000
      	    0.000	    0.000	    0.000	    0.000
1100.0	    3.302	    0.176	    0.000	    0.000
      	    0.000	    0.000	    0.000	    0.000
      	   -1.150	    0.242	    0.000	    0.000
      	   -0.248	   -0.013	    0.000	    0.000
      	    3.021	    0.114	   -2.272	    0.016
      	   -0.565	   -0.021	    0.542	   -0.005
      	    0.009	    0.000	   -0.138	    0.000
      	   -0.078	    0.000	    0.015	    0.000
      	   -0.004	    0.000	    0.011	    0.000
      	   -0.001	    0.000	    0.014	    0.000
      	    0.011	    0.000	    0.000	    0.000
      	    0.001	    0.000	   -0.001	    0.000
      	    0.000	    0.000	   -0.002	    0.000
      	   -0.001	    0.000	    0.000	    0.000
      	    0.000	    0.000	    0.000	    0.000
      	    0.000	    0.000	    0.000	    0.000
      	    0.000	    0.000	    0.000	    0.000
      	    0.000	    0.000	    0.000	    0.000
1105.0	    3.237	    0.191	    0.000	    0.000
      	    0.000	    0.000	    0.000	    0.000
      	   -1.169	    0.271	    0.000	    0.000
      	   -0.263	   -0.020	    0.000	    0.000
      	    3.397	    0.178	   -2.399	    0.021
      	   -0.609	   -0.032	    0.585	   -0.006
      	    0.010	    0.000	   -0.159	    0.000
      	   -0.089	    0.000	    0.018	    0.000
      	   -0.005	    0.000	    0.012	    0.000
      	   -0.001	    0.000	    0.017	    0.000
      	    0.013	    0.000	    0.000	    0.000
      	    0.001	    0.000	   -0.002	    0.000
      	    0.000	    0.000	   -0.002	    0.000
      	   -0.002	    0.000	    0.000	    0.000
      	    0.000	    0.000	    0.000	    0.000
      	    0.000	    0.000	    0.000	    0.000
      	    0.000	    0.000	    0.000	    0.000
      	    0.000	    0.000	    0.000	    0.000
1110.0	    3.173	    0.207	    0.000	    0.000
      	    0.000	    0.000	    0.000	    0.000
      	   -1.189	    0.301	    0.000	    0.000
      	   -0.276	   -0.027	    0.000	    0.000
      	    3.777	    0.261	   -2.502	    0.027
      	   -0.650	   -0.046	    0.625	   -0.007
      	    0.011	    0.000	   -0.179	    0.000
      	   -0.099	    0.000	    0.021	    0.000
      	   -0.005	    0.000	    0.013	    0.000
      	   -0.002	    0.000	    0.021	    0.000
      	    0.016	    0.000	    0.000	    0.000
      	    0.001	    0.000	   -0.002	    0.000
      	    0.000	    0.000	   -0.003	    0.000
      	   -0.002	    0.000	    0.000	    0.000
      	    0.000	    0.000	    0.000	    0.000
      	    0.000	    0.000	    0.001	    0.000
      	    0.000	    0.000	    0.000	    0.000
      	    0.000	    0.000	    0.000	    0.000
1115.0	    3.112	    0.220	    0.000	    0.000
      	    0.000	    0.000	    0.000	    0.000
      	   -1.209	    0.330	    0.000	    0.000
      	   -0.288	   -0.037	    0.000	    0.000
      	    4.166	    0.366	   -2.587	    0.032
      	   -0.688	   -0.062	    0.662	   -0.008
      	    0.011	    0.000	   -0.198	    0.000
      	   -0.108	    0.000	    0.024	    0.000
      	   -0.006	    0.000	    0.014	   -0.001
      	   -0.002	    0.000	    0.024	    0.000
      	    0.018	    0.000	    0.000	    0.000
      	    0.001	    0.000	   -0.002	    0.000
      	    0.000	    0.000	   -0.004	    0.000
      	   -0.003	    0.000	    0.000	    0.000
      	    0.000	    0.000	    0.000	    0.000
      	    0.000	    0.000	    0.001	    0.000
      	    0.001	    0.000	    0.000	    0.000
      	    0.000	    0.000	    0.000	    0.000
1120.0	    3.054	    0.232	    0.000	    0.000
      	    0.000	    0.000	    0.000	    0.000
      	   -1.229	    0.357	    0.000	    0.000
      	   -0.299	   -0.048	    0.000	    0.000
      	    4.566	    0.498	   -2.657	    0.038
      	   -0.725	   -0.082	    0.697	   -0.009
      	    0.012	    0.000	   -0.216	    0.000
      	   -0.117	    0.000	    0.027	    0.000
      	   -0.006	    0.000	    0.014	   -0.001
      	   -0.002	    0.000	    0.027	    0.000
      	    0.021	    0.000	    0.000	    0.000
      	    0.001	    0.000	   -0.002	    0.000
      	    0.000	    0.000	   -0.005	    0.000
      	   -0.003	    0.000	    0.000	    0.000
      	    0.000	    0.000	    0.000	    0.000
      	    0.000	    0.000	    0.001	    0.000
      	    0.001	    0.000	    0.000	    0.000
      	    0.000	    0.000	    0.000	    0.000
1125.0	    2.997	    0.243	    0.000	    0.000
      	    0.000	    0.000	    0.000	    0.000
      	   -1.249	    0.385	    0.000	    0.000
      	   -0.308	   -0.060	    0.000	    0.000
      	    4.982	    0.661	   -2.714	    0.043
      	   -0.761	   -0.105	    0.732	   -0.009
      	    0.012	    0.000	   -0.232	    0.000
      	   -0.125	    0.000	    0.030	    0.000
      	   -0.006	    0.000	    0.015	   -0.001
      	   -0.002	    0.000	    0.031	    0.000
      	    0.023	    0.000	    0.000	    0.000
      	    0.001	    0.000	   -0.002	    0.000
      	    0.000	    0.000	   -0.005	    0.000
      	   -0.004	    0.000	    0.000	    0.000
      	    0.000	    0.000	    0.000	    0.000
      	    0.000	    0.000	    0.001	    0.000
      	    0.001	    0.000	    0.000	    0.000
      	    0.000	    0.000	    0.000	    0.000
1130.0	    2.941	    0.253	    0.000	    0.000
      	    0.000	    0.000	    0.000	    0.000
      	   -1.270	    0.412	    0.000	    0.000
      	   -0.317	   -0.075	    0.000	    0.000
      	    5.413	    0.861	   -2.761	    0.047
      	   -0.795	   -0.132	    0.765	   -0.009
      	    0.013	    0.000	   -0.248	    0.000
      	   -0.132	    0.000	    0.033	    0.000
      	   -0.006	    0.000	    0.015	   -0.001
      	   -0.002	    0.000	    0.034	    0.000
      	    0.026	    0.000	    0.000	    0.000
      	    0.001	    0.000	   -0.003	    0.000
      	    0.000	    0.000	   -0.006	    0.000
      	   -0.005	    0.000	    0.000	    0.000
      	    0.000	    0.000	    0.000	    0.000
      	    0.000	    0.000	    0.001	    0.000
      	    0.001	    0.000	    0.000	    0.000
      	    0.000	    0.000	    0.000	    0.000
1135.0	    2.888	    0.263	    0.000	    0.000
      	    0.000	    0.000	    0.000	    0.000
      	   -1.290	    0.438	    0.000	    0.000
      	   -0.324	   -0.091	    0.000	    0.000
      	    5.861	    1.105	   -2.799	    0.051
      	   -0.829	   -0.164	    0.797	   -0.009
      	    0.013	    0.000	   -0.263	    0.000
      	   -0.138	    0.000	    0.037	    0.000
      	   -0.006	    0.000	    0.014	   -0.001
      	   -0.002	    0.000	    0.037	    0.000
      	    0.028	    0.000	    0.000	    0.000
      	    0.001	    0.000	   -0.003	    0.000
      	    0.000	    0.000	   -0.007	    0.000
      	   -0.005	    0.000	    0.000	    0.000
      	    0.000	    0.000	    0.000	    0.000
      	    0.000	    0.000	    0.001	    0.000
      	    0.001	    0.000	    0.000	    0.000
      	    0.000	    0.000	    0.000	    0.000
1140.0	    2.836	    0.273	    0.000	    0.000
      	    0.000	    0.000	    0.000	    0.000
      	   -1.310	    0.463	    0.000	    0.000
      	   -0.330	   -0.110	    0.000	    0.000
      	    6.326	    1.402	   -2.829	    0.054
      	   -0.861	   -0.202	    0.830	   -0.008
      	    0.013	    0.000	   -0.277	    0.000
      	   -0.144	    0.000	    0.040	    0.000
      	   -0.007	    0.000	    0.014	   -0.001
      	   -0.002	    0.000	    0.040	    0.000
      	    0.030	    0.000	    0.000	    0.000
      	    0.001	    0.000	   -0.003	    0.000
      	    0.001	    0.000	   -0.007	    0.000
      	   -0.006	    0.000	    0.000	    0.000
      	    0.000	    0.000	    0.000	    0.000
      	    0.000	    0.000	    0.002	    0.000
      	    0.001	    0.000	    0.000	    0.000
      	    0.000	    0.000	    0.000	    0.000
1145.0	    2.786	    0.282	    0.000	    0.000
      	    0.000	    0.000	    0.000	    0.000
      	   -1.330	    0.489	    0.000	    0.000
      	   -0.334	   -0.132	    0.000	    0.000
      	    6.804	    1.761	   -2.853	    0.057
      	   -0.892	   -0.245	    0.861	   -0.006
      	    0.013	    0.000	   -0.290	    0.000
      	   -0.150	    0.000	    0.043	    0.000
      	   -0.007	    0.000	    0.013	   -0.001
      	   -0.003	    0.000	    0.042	    0.000
      	    0.033	    0.000	    0.000	    0.000
      	    0.001	    0.000	   -0.003	    0.000
      	    0.001	    0.000	   -0.008	    0.000
      	   -0.006	    0.000	    0.000	    0.000
      	    0.000	    0.000	    0.001	    0.000
      	    0.000	    0.000	    0.002	    0.000
      	    0.001	    0.000	    0.000	    0.000
      	    0.000	    0.000	    0.000	    0.000
1150.0	    2.738	    0.291	    0.000	    0.000
      	    0.000	    0.000	    0.000	    0.000
      	   -1.350	    0.514	    0.000	    0.000
      	   -0.337	   -0.156	    0.000	    0.000
      	    7.292	    2.192	   -2.870	    0.059
      	   -0.921	   -0.295	    0.893	   -0.004
      	    0.014	    0.000	   -0.303	    0.000
      	   -0.155	    0.000	    0.046	    0.001
      	   -0.007	    0.000	    0.013	   -0.002
      	   -0.003	    0.000	    0.045	    0.000
      	    0.035	    0.000	    0.000	    0.000
      	    0.001	    0.000	   -0.003	    0.000
      	    0.001	    0.000	   -0.009	    0.000
      	   -0.007	    0.000	    0.000	    0.000
      	    0.000	    0.000	    0.001	    0.000
      	    0.000	    0.000	    0.002	    0.000
      	    0.002	    0.000	    0.000	    0.000
      	    0.000	    0.000	    0.000	    0.000
1155.0	    2.691	    0.300	    0.000	    0.000
      	    0.000	    0.000	    0.000	    0.000
      	   -1.370	    0.539	    0.000	    0.000
      	   -0.337	   -0.182	    0.000	    0.000
      	    7.780	    2.708	   -2.883	    0.061
      	   -0.946	   -0.353	    0.925	   -0.001
      	    0.014	    0.000	   -0.315	    0.000
      	   -0.159	    0.000	    0.049	    0.001
      	   -0.007	    0.000	    0.012	   -0.002
      	   -0.003	    0.000	    0.048	    0.000
      	    0.037	    0.000	    0.000	    0.000
      	    0.001	    0.000	   -0.003	    0.000
      	    0.001	    0.000	   -0.009	    0.000
      	   -0.007	    0.000	    0.000	    0.000
      	    0.000	    0.000	    0.001	    0.000
      	    0.000	    0.000	    0.002	    0.000
      	    0.002	    0.000	    0.000	    0.000
      	    0.000	    0.000	    0.000	    0.000
1160.0	    2.646	    0.309	    0.000	    0.000
      	    0.000	    0.000	    0.000	    0.000
      	   -1.390	    0.564	    0.000	    0.000
      	   -0.334	   -0.212	    0.000	    0.000
      	    8.258	    3.321	   -2.891	    0.061
      	   -0.967	   -0.418	    0.957	    0.003
      	    0.014	    0.000	   -0.326	    0.000
      	   -0.163	    0.001	    0.052	    0.001
      	   -0.007	    0.000	    0.011	   -0.002
      	   -0.003	    0.000	    0.050	    0.000
      	    0.039	    0.000	    0.000	    0.000
      	    0.001	    0.000	   -0.003	    0.000
      	    0.001	    0.000	   -0.010	    0.000
      	   -0.008	    0.000	    0.000	    0.000
      	    0.000	    0.000	    0.001	    0.000
      	    0.000	    0.000	    0.002	    0.000
      	    0.002	    0.000	    0.000	    0.000
      	    0.000	    0.000	    0.000	    0.000
1165.0	    2.602	    0.318	    0.000	    0.000
      	    0.000	    0.000	    0.000	    0.000
      	   -1.409	    0.588	    0.000	    0.000
      	   -0.328	   -0.244	    0.000	    0.000
      	    8.706	    4.042	   -2.896	    0.061
      	   -0.981	   -0.492	    0.989	    0.008
      	    0.014	    0.000	   -0.336	    0.001
      	   -0.166	    0.001	    0.055	    0.001
      	   -0.007	    0.000	    0.010	   -0.002
      	   -0.003	    0.000	    0.053	    0.000
      	    0.041	    0.000	    0.000	    0.000
      	    0.001	    0.000	   -0.003	    0.000
      	    0.001	    0.000	   -0.011	    0.000
      	   -0.008	    0.000	    0.000	    0.000
      	    0.000	    0.000	    0.001	    0.000
      	    0.000	    0.000	    0.002	    0.000
      	    0.002	    0.000	    0.000	    0.000
      	    0.000	    0.000	    0.000	    0.000
1170.0	    2.559	    0.326	    0.000	    0.000
      	    0.000	    0.000	    0.000	    0.000
      	   -1.428	    0.612	    0.000	    0.000
      	   -0.316	   -0.279	    0.000	    0.000
      	    9.098	    4.881	   -2.896	    0.060
      	   -0.986	   -0.575	    1.022	    0.013
      	    0.014	    0.000	   -0.346	    0.001
      	   -0.170	    0.001	    0.058	    0.001
      	   -0.007	    0.000	    0.008	   -0.003
      	   -0.003	    0.000	    0.055	    0.000
      	    0.042	    0.000	    0.000	    0.000
      	    0.001	    0.000	   -0.003	    0.000
      	    0.001	    0.000	   -0.011	    0.000
      	   -0.008	    0.000	    0.000	    0.000
      	    0.000	    0.000	    0.001	    0.000
      	    0.000	    0.000	    0.003	    0.000
      	    0.002	    0.000	    0.000	    0.000
      	    0.000	    0.000	    0.000	    0.000
1175.0	    2.518	    0.335	    0.000	    0.000
      	    0.000	    0.000	    0.000	    0.000
      	   -1.447	    0.635	    0.000	    0.000
      	   -0.298	   -0.316	    0.000	    0.000
      	    9.401	    5.843	   -2.894	    0.058
      	   -0.979	   -0.665	    1.055	    0.020
      	    0.014	    0.000	   -0.356	    0.001
      	   -0.172	    0.001	    0.061	    0.001
      	   -0.007	    0.000	    0.007	   -0.003
      	   -0.003	    0.000	    0.057	    0.000
      	    0.044	    0.000	    0.000	    0.000
      	    0.001	    0.000	   -0.003	    0.000
      	    0.001	    0.000	   -0.012	    0.000
      	   -0.009	    0.000	    0.000	    0.000
      	    0.000	    0.000	    0.001	    0.000
      	    0.000	    0.000	    0.003	    0.000
      	    0.002	    0.000	    0.000	    0.000
      	    0.000	    0.000	    0.000	    0.000
1180.0	    2.478	    0.343	    0.000	    0.000
      	    0.000	    0.000	    0.000	    0.000
      	   -1.465	    0.659	    0.000	    0.000
      	   -0.273	   -0.352	    0.000	    0.000
      	    9.571	    6.921	   -2.889	    0.055
      	   -0.955	   -0.761	    1.088	    0.027
      	    0.014	    0.000	   -0.364	    0.001
      	   -0.175	    0.001	    0.064	    0.002
      	   -0.007	    0.000	    0.005	   -0.003
      	   -0.003	    0.000	    0.059	    0.000
      	    0.046	    0.000	    0.000	    0.000
      	    0.001	    0.000	   -0.003	    0.000
      	    0.001	    0.000	   -0.013	    0.000
      	   -0.009	    0.000	    0.000	    0.000
      	    0.000	    0.000	    0.001	    0.000
      	    0.000	    0.000	    0.003	    0.000
      	    0.002	    0.000	    0.000	    0.000
      	    0.000	    0.000	    0.000	    0.000
1185.0	    2.440	    0.352	    0.000	    0.000
      	    0.000	    0.000	    0.000	    0.000
      	   -1.483	    0.683	    0.000	    0.000
      	   -0.239	   -0.388	    0.000	    0.000
      	    9.563	    8.094	   -2.881	    0.051
      	   -0.912	   -0.859	    1.122	    0.035
      	    0.014	    0.000	   -0.373	    0.001
      	   -0.177	    0.001	    0.068	    0.002
      	   -0.007	    0.000	    0.003	   -0.004
      	   -0.003	    0.000	    0.061	    0.000
      	    0.048	    0.000	    0.000	    0.000
      	    0.001	    0.000	   -0.003	    0.000
      	    0.001	    0.000	   -0.013	    0.000
      	   -0.010	    0.000	    0.000	    0.000
      	    0.000	    0.000	    0.001	    0.000
      	    0.000	    0.000	    0.003	    0.000
      	    0.002	    0.000	    0.000	    0.000
      	    0.000	    0.000	    0.000	    0.000
1190.0	    2.402	    0.360	    0.000	    0.000
      	    0.000	    0.000	    0.000	    0.000
      	   -1.500	    0.706	    0.000	    0.000
      	   -0.197	   -0.420	    0.000	    0.000
      	    9.327	    9.322	   -2.870	    0.047
      	   -0.847	   -0.955	    1.156	    0.045
      	    0.014	    0.000	   -0.381	    0.001
      	   -0.179	    0.001	    0.071	    0.002
      	   -0.007	    0.000	    0.002	   -0.004
      	   -0.003	    0.000	    0.063	    0.000
      	    0.049	    0.000	    0.000	    0.000
      	    0.001	    0.000	   -0.003	    0.000
      	    0.001	    0.000	   -0.014	    0.000
      	   -0.010	    0.000	    0.001	    0.000
      	    0.000	    0.000	    0.000	    0.000
      	    0.000	    0.000	    0.003	    0.000
      	    0.003	    0.000	    0.000	    0.000
      	    0.000	    0.000	    0.000	    0.000
1195.0	    2.366	    0.368	    0.000	    0.000
      	    0.000	    0.000	    0.000	    0.000
      	   -1.517	    0.729	    0.000	    0.000
      	   -0.145	   -0.446	    0.000	    0.000
      	    8.827	   10.544	   -2.858	    0.043
      	   -0.759	   -1.042	    1.191	    0.062
      	    0.013	    0.000	   -0.388	    0.001
      	   -0.180	    0.002	    0.074	    0.002
      	   -0.007	    0.000	    0.000	   -0.005
      	   -0.003	    0.000	    0.065	    0.000
      	    0.051	    0.000	    0.001	    0.000
      	    0.001	    0.000	   -0.003	    0.000
      	    0.001	    0.000	   -0.014	    0.000
      	   -0.010	    0.000	    0.001	    0.000
      	    0.000	    0.000	    0.000	    0.000
      	    0.000	    0.000	    0.003	    0.000
      	    0.003	    0.000	    0.000	    0.000
      	    0.000	    0.000	    0.000	    0.000
1200.0	    2.331	    0.377	    0.000	    0.000
      	    0.000	    0.000	    0.000	    0.000
      	   -1.534	    0.751	    0.000	    0.000
      	   -0.086	   -0.463	    0.000	    0.000
      	    8.044	   11.683	   -2.844	    0.035
      	   -0.648	   -1.114	    1.227	    0.067
      	    0.013	    0.000	   -0.395	    0.001
      	   -0.181	    0.002	    0.077	    0.003
      	   -0.007	    0.000	   -0.002	   -0.005
      	   -0.003	    0.000	    0.067	    0.000
      	    0.052	    0.000	    0.001	    0.000
      	    0.001	    0.000	   -0.003	    0.000
      	    0.001	    0.000	   -0.015	    0.000
      	   -0.011	    0.000	    0.001	    0.000
      	    0.000	    0.000	    0.000	    0.000
      	    0.000	    0.000	    0.004	    0.000
      	    0.003	    0.000	    0.000	    0.000
      	    0.000	    0.000	    0.000	    0.000
1205.0	    2.297	    0.385	    0.000	    0.000
      	    0.000	    0.000	    0.000	    0.000
      	   -1.550	    0.774	    0.000	    0.000
      	   -0.022	   -0.468	    0.000	    0.000
      	    6.993	   12.656	   -2.828	    0.028
      	   -0.519	   -1.164	    1.263	    0.082
      	    0.013	    0.000	   -0.402	    0.001
      	   -0.182	    0.002	    0.080	    0.003
      	   -0.007	    0.000	   -0.005	   -0.006
      	   -0.003	    0.000	    0.069	    0.000
      	    0.054	    0.000	    0.001	    0.000
      	    0.001	    0.000	   -0.002	    0.000
      	    0.001	    0.000	   -0.015	    0.000
      	   -0.011	    0.000	    0.001	    0.000
      	    0.000	    0.000	    0.000	    0.000
      	    0.000	    0.000	    0.004	    0.000
      	    0.003	    0.000	    0.000	    0.000
      	    0.000	    0.000	    0.000	    0.000
1210.0	    2.265	    0.394	    0.000	    0.000
      	    0.000	    0.000	    0.000	    0.000
      	   -1.565	    0.797	    0.000	    0.000
      	    0.043	   -0.461	    0.000	    0.000
      	    5.725	   13.389	   -2.810	    0.019
      	   -0.379	   -1.187	    1.300	    0.096
      	    0.013	    0.000	   -0.408	    0.001
      	   -0.183	    0.002	    0.083	    0.004
      	   -0.007	    0.000	   -0.007	   -0.006
      	   -0.003	    0.000	    0.070	    0.000
      	    0.055	    0.000	    0.001	    0.000
      	    0.001	    0.000	   -0.002	    0.000
      	    0.001	    0.000	   -0.016	    0.000
      	   -0.011	    0.000	    0.001	    0.000
      	    0.000	    0.000	    0.000	    0.000
      	    0.000	    0.000	    0.004	    0.000
      	    0.003	    0.000	    0.000	    0.000
      	    0.000	    0.000	    0.000	    0.000
1215.0	    2.233	    0.402	    0.000	    0.000
      	    0.000	    0.000	    0.000	    0.000
      	   -1.581	    0.819	    0.000	    0.000
      	    0.106	   -0.441	    0.000	    0.000
      	    4.318	   13.834	   -2.791	    0.009
      	   -0.236	   -1.183	    1.337	    0.109
      	    0.013	    0.000	   -0.414	    0.001
      	   -0.184	    0.002	    0.087	    0.004
      	   -0.006	    0.000	   -0.010	   -0.007
      	   -0.003	    0.000	    0.072	    0.000
      	    0.057	    0.000	    0.001	    0.000
      	    0.001	    0.000	   -0.002	    0.000
      	    0.001	    0.000	   -0.016	    0.000
      	   -0.012	    0.000	    0.001	    0.000
      	    0.000	    0.000	    0.000	    0.000
      	    0.000	    0.000	    0.004	    0.000
      	    0.003	    0.000	    0.000	    0.000
      	    0.000	    0.000	    0.000	    0.000
1220.0	    2.203	    0.411	    0.000	    0.000
      	    0.000	    0.000	    0.000	    0.000
      	   -1.595	    0.841	    0.000	    0.000
      	    0.163	   -0.410	    0.000	    0.000
      	    2.866	   13.977	   -2.770	   -0.001
      	   -0.098	   -1.152	    1.375	    0.130
      	    0.013	    0.000	   -0.419	    0.001
      	   -0.184	    0.002	    0.090	    0.005
      	   -0.006	    0.000	   -0.012	   -0.007
      	   -0.003	    0.000	    0.073	    0.000
      	    0.058	    0.000	    0.002	    0.000
      	    0.001	    0.000	   -0.002	    0.000
      	    0.001	    0.000	   -0.017	    0.000
      	   -0.012	    0.000	    0.001	    0.000
      	    0.000	    0.000	    0.000	    0.000
      	    0.000	    0.000	    0.004	    0.000
      	    0.003	    0.000	    0.000	    0.000
      	    0.000	    0.000	    0.000	    0.000
1225.0	    2.174	    0.420	    0.000	    0.000
      	    0.000	    0.000	    0.000	    0.000
      	   -1.609	    0.862	    0.000	    0.000
      	    0.212	   -0.370	    0.000	    0.000
      	    1.456	   13.840	   -2.747	   -0.011
      	    0.027	   -1.100	    1.414	    0.157
      	    0.013	    0.000	   -0.425	    0.002
      	   -0.184	    0.003	    0.093	    0.005
      	   -0.006	    0.001	   -0.015	   -0.008
      	   -0.003	    0.000	    0.075	    0.000
      	    0.059	    0.000	    0.002	    0.001
      	    0.001	    0.000	   -0.002	    0.000
      	    0.001	    0.000	   -0.017	    0.000
      	   -0.012	    0.000	    0.001	    0.000
      	    0.000	    0.000	    0.000	    0.000
      	    0.000	    0.000	    0.004	    0.000
      	    0.003	    0.000	    0.000	    0.000
      	    0.000	    0.000	    0.000	    0.000
1230.0	    2.146	    0.428	    0.000	    0.000
      	    0.000	    0.000	    0.000	    0.000
      	   -1.622	    0.884	    0.000	    0.000
      	    0.250	   -0.326	    0.000	    0.000
      	    0.158	   13.470	   -2.723	   -0.022
      	    0.135	   -1.031	    1.452	    0.187
      	    0.013	    0.000	   -0.430	    0.002
      	   -0.184	    0.003	    0.096	    0.006
      	   -0.006	    0.001	   -0.018	   -0.009
      	   -0.003	    0.000	    0.076	    0.000
      	    0.061	    0.000	    0.002	    0.001
      	    0.001	    0.000	   -0.002	    0.000
      	    0.001	    0.000	   -0.017	    0.000
      	   -0.012	    0.000	    0.001	    0.000
      	    0.000	    0.000	    0.000	    0.000
      	    0.000	    0.000	    0.004	    0.000
      	    0.004	    0.000	    0.000	    0.000
      	    0.000	    0.000	    0.000	    0.000
1235.0	    2.119	    0.437	    0.000	    0.000
      	    0.000	    0.000	    0.000	    0.000
      	   -1.636	    0.905	    0.000	    0.000
      	    0.278	   -0.279	    0.000	    0.000
      	   -0.984	   12.927	   -2.698	   -0.035
      	    0.224	   -0.953	    1.492	    0.215
      	    0.013	    0.001	   -0.434	    0.002
      	   -0.184	    0.003	    0.100	    0.006
      	   -0.006	    0.001	   -0.021	   -0.009
      	   -0.003	    0.000	    0.078	    0.000
      	    0.062	    0.000	    0.003	    0.001
      	    0.001	    0.000	   -0.002	    0.000
      	    0.001	    0.000	   -0.018	    0.000
      	   -0.013	    0.000	    0.001	    0.000
      	    0.000	    0.000	    0.000	    0.000
      	    0.000	    0.000	    0.005	    0.000
      	    0.004	    0.000	    0.000	    0.000
      	    0.000	    0.000	    0.000	    0.000
1240.0	    2.093	    0.446	    0.000	    0.000
      	    0.000	    0.000	    0.000	    0.000
      	   -1.649	    0.926	    0.000	    0.000
      	    0.297	   -0.234	    0.000	    0.000
      	   -1.951	   12.269	   -2.671	   -0.049
      	    0.294	   -0.871	    1.532	    0.244
      	    0.012	    0.001	   -0.438	    0.002
      	   -0.183	    0.003	    0.103	    0.007
      	   -0.006	    0.001	   -0.024	   -0.010
      	   -0.003	    0.000	    0.079	    0.000
      	    0.063	    0.000	    0.003	    0.001
      	    0.001	    0.000	   -0.002	    0.000
      	    0.001	    0.000	   -0.018	    0.000
      	   -0.013	    0.000	    0.001	    0.000
      	    0.000	    0.000	    0.000	    0.000
      	    0.000	    0.000	    0.005	    0.000
      	    0.004	    0.000	    0.000	    0.000
      	    0.000	    0.000	    0.000	    0.000
1245.0	    2.068	    0.455	    0.000	    0.000
      	    0.000	    0.000	    0.000	    0.000
      	   -1.661	    0.946	    0.000	    0.000
      	    0.308	   -0.190	    0.000	    0.000
      	   -2.745	   11.549	   -2.643	   -0.064
      	    0.347	   -0.788	    1.572	    0.276
      	    0.012	    0.001	   -0.443	    0.002
      	   -0.183	    0.003	    0.107	    0.008
      	   -0.006	    0.001	   -0.027	   -0.011
      	   -0.003	    0.000	    0.080	    0.001
      	    0.064	    0.000	    0.003	    0.001
      	    0.001	    0.000	   -0.002	    0.000
      	    0.001	    0.000	   -0.019	    0.000
      	   -0.013	    0.000	    0.001	    0.000
      	    0.000	    0.000	    0.000	    0.000
      	    0.000	    0.000	    0.005	    0.000
      	    0.004	    0.000	    0.000	    0.000
      	    0.000	    0.000	    0.000	    0.000
1250.0	    2.044	    0.464	    0.000	    0.000
      	    0.000	    0.000	    0.000	    0.000
      	   -1.672	    0.966	    0.000	    0.000
      	    0.312	   -0.150	    0.000	    0.000
      	   -3.377	   10.807	   -2.614	   -0.080
      	    0.384	   -0.708	    1.613	    0.312
      	    0.012	    0.001	   -0.446	    0.003
      	   -0.182	    0.004	    0.110	    0.009
      	   -0.006	    0.001	   -0.031	   -0.012
      	   -0.003	    0.000	    0.081	    0.001
      	    0.065	    0.000	    0.004	    0.001
      	    0.001	    0.000	   -0.002	    0.000
      	    0.001	    0.000	   -0.019	    0.000
      	   -0.013	    0.000	    0.001	    0.000
      	    0.000	    0.000	    0.000	    0.000
      	    0.000	    0.000	    0.005	    0.000
      	    0.004	    0.000	    0.000	    0.000
      	    0.000	    0.000	    0.000	    0.000
1255.0	    2.022	    0.473	    0.000	    0.000
      	    0.000	    0.000	    0.000	    0.000
      	   -1.684	    0.987	    0.000	    0.000
      	    0.312	   -0.114	    0.000	    0.000
      	   -3.866	   10.072	   -2.583	   -0.096
      	    0.410	   -0.633	    1.653	    0.351
      	    0.012	    0.001	   -0.450	    0.003
      	   -0.181	    0.004	    0.114	    0.010
      	   -0.006	    0.001	   -0.034	   -0.013
      	   -0.003	    0.000	    0.083	    0.001
      	    0.066	    0.000	    0.004	    0.001
      	    0.001	    0.000	   -0.001	    0.000
      	    0.001	    0.000	   -0.019	    0.000
      	   -0.013	    0.000	    0.001	    0.000
      	    0.000	    0.000	    0.000	    0.000
      	    0.000	    0.000	    0.005	    0.000
      	    0.004	    0.000	    0.000	    0.000
      	    0.000	    0.000	    0.000	    0.000
1260.0	    2.000	    0.483	    0.000	    0.000
      	    0.000	    0.000	    0.000	    0.000
      	   -1.695	    1.006	    0.000	    0.000
      	    0.307	   -0.082	    0.000	    0.000
      	   -4.234	    9.364	   -2.551	   -0.114
      	    0.425	   -0.564	    1.693	    0.394
      	    0.012	    0.001	   -0.453	    0.003
      	   -0.180	    0.004	    0.118	    0.011
      	   -0.006	    0.001	   -0.038	   -0.014
      	   -0.003	    0.000	    0.084	    0.001
      	    0.068	    0.000	    0.005	    0.001
      	    0.001	    0.000	   -0.001	    0.000
      	    0.001	    0.000	   -0.020	    0.000
      	   -0.014	    0.000	    0.001	    0.000
      	    0.000	    0.000	    0.000	    0.000
      	    0.000	    0.000	    0.005	    0.000
      	    0.004	    0.000	    0.000	    0.000
      	    0.000	    0.000	    0.000	    0.000
1265.0	    1.980	    0.492	    0.000	    0.000
      	    0.000	    0.000	    0.000	    0.000
      	   -1.705	    1.026	    0.000	    0.000
      	    0.300	   -0.054	    0.000	    0.000
      	   -4.502	    8.694	   -2.517	   -0.132
      	    0.433	   -0.501	    1.732	    0.440
      	    0.012	    0.001	   -0.456	    0.003
      	   -0.179	    0.004	    0.122	    0.012
      	   -0.006	    0.001	   -0.042	   -0.015
      	   -0.003	    0.000	    0.085	    0.001
      	    0.069	    0.000	    0.005	    0.001
      	    0.001	    0.000	   -0.001	    0.000
      	    0.001	    0.000	   -0.020	    0.000
      	   -0.014	    0.000	    0.002	    0.000
      	    0.000	    0.000	    0.000	    0.000
      	    0.000	    0.000	    0.005	    0.000
      	    0.004	    0.000	    0.000	    0.000
      	    0.000	    0.000	    0.000	    0.000
1270.0	    1.960	    0.502	    0.000	    0.000
      	    0.000	    0.000	    0.000	    0.000
      	   -1.715	    1.044	    0.000	    0.000
      	    0.292	   -0.029	    0.000	    0.000
      	   -4.688	    8.068	   -2.482	   -0.152
      	    0.434	   -0.443	    1.771	    0.490
      	    0.012	    0.001	   -0.459	    0.004
      	   -0.178	    0.005	    0.126	    0.013
      	   -0.006	    0.001	   -0.046	   -0.016
      	   -0.003	    0.000	    0.086	    0.001
      	    0.070	    0.001	    0.006	    0.001
      	    0.001	    0.000	   -0.001	    0.000
      	    0.001	    0.000	   -0.020	    0.000
      	   -0.014	    0.000	    0.002	    0.000
      	    0.000	    0.000	    0.000	    0.000
      	    0.000	    0.000	    0.005	    0.000
      	    0.004	    0.000	    0.000	    0.000
      	    0.000	    0.000	    0.000	    0.000
1275.0	    1.942	    0.512	    0.000	    0.000
      	    0.000	    0.000	    0.000	    0.000
      	   -1.725	    1.063	    0.000	    0.000
      	    0.282	   -0.008	    0.000	    0.000
      	   -4.810	    7.487	   -2.444	   -0.172
      	    0.432	   -0.392	    1.809	    0.544
      	    0.012	    0.001	   -0.461	    0.004
      	   -0.177	    0.005	    0.130	    0.015
      	   -0.006	    0.001	   -0.050	   -0.018
      	   -0.002	    0.000	    0.087	    0.001
      	    0.071	    0.001	    0.006	    0.001
      	    0.001	    0.000	   -0.001	    0.000
      	    0.001	    0.000	   -0.021	    0.000
      	   -0.014	    0.000	    0.002	    0.000
      	    0.000	    0.000	    0.000	    0.000
      	    0.000	    0.000	    0.005	    0.000
      	    0.004	    0.000	    0.000	    0.000
      	    0.000	    0.000	    0.000	    0.000
1280.0	    1.924	    0.522	    0.000	    0.000
      	    0.000	    0.000	    0.000	    0.000
      	   -1.735	    1.081	    0.000	    0.000
      	    0.272	    0.011	    0.000	    0.000
      	   -4.879	    6.952	   -2.406	   -0.193
      	    0.426	   -0.346	    1.845	    0.602
      	    0.011	    0.001	   -0.463	    0.004
      	   -0.175	    0.005	    0.134	    0.016
      	   -0.006	    0.001	   -0.054	   -0.019
      	   -0.002	    0.000	    0.088	    0.001
      	    0.072	    0.001	    0.007	    0.001
      	    0.001	    0.000	   -0.001	   -0.001
      	    0.001	    0.000	   -0.021	    0.000
      	   -0.014	    0.000	    0.002	    0.000
      	    0.000	    0.000	    0.000	    0.000
      	    0.000	    0.000	    0.006	    0.000
      	    0.004	    0.000	    0.000	    0.000
      	    0.000	    0.000	    0.000	    0.000
1285.0	    1.908	    0.532	    0.000	    0.000
      	    0.000	    0.000	    0.000	    0.000
      	   -1.744	    1.099	    0.000	    0.000
      	    0.261	    0.027	    0.000	    0.000
      	   -4.907	    6.460	   -2.365	   -0.214
      	    0.417	   -0.305	    1.878	    0.664
      	    0.011	    0.001	   -0.466	    0.004
      	   -0.173	    0.005	    0.138	    0.018
      	   -0.005	    0.001	   -0.059	   -0.021
      	   -0.002	    0.000	    0.089	    0.001
      	    0.073	    0.001	    0.008	    0.002
      	    0.001	    0.000	   -0.001	   -0.001
      	    0.001	    0.000	   -0.021	    0.000
      	   -0.014	    0.000	    0.002	    0.000
      	    0.000	    0.000	   -0.001	    0.000
      	    0.000	    0.000	    0.006	    0.000
      	    0.005	    0.000	    0.000	    0.000
      	    0.000	    0.000	    0.000	    0.000
1290.0	    1.893	    0.542	    0.000	    0.000
      	    0.000	    0.000	    0.000	    0.000
      	   -1.753	    1.117	    0.000	    0.000
      	    0.250	    0.040	    0.000	    0.000
      	   -4.904	    6.009	   -2.322	   -0.236
      	    0.407	   -0.268	    1.909	    0.732
      	    0.011	    0.001	   -0.467	    0.005
      	   -0.172	    0.006	    0.143	    0.020
      	   -0.005	    0.002	   -0.063	   -0.022
      	   -0.002	    0.000	    0.090	    0.001
      	    0.074	    0.001	    0.008	    0.002
      	    0.001	    0.000	   -0.001	   -0.001
      	    0.001	    0.000	   -0.021	    0.000
      	   -0.014	    0.000	    0.002	    0.000
      	    0.000	    0.000	   -0.001	    0.000
      	    0.000	    0.000	    0.006	    0.000
      	    0.005	    0.000	    0.000	    0.000
      	    0.000	    0.000	    0.000	    0.000
1295.0	    1.879	    0.553	    0.000	    0.000
      	    0.000	    0.000	    0.000	    0.000
      	   -1.762	    1.134	    0.000	    0.000
      	    0.239	    0.052	    0.000	    0.000
      	   -4.875	    5.594	   -2.277	   -0.258
      	    0.396	   -0.235	    1.936	    0.805
      	    0.011	    0.001	   -0.469	    0.005
      	   -0.170	    0.006	    0.148	    0.022
      	   -0.005	    0.002	   -0.068	   -0.024
      	   -0.002	    0.000	    0.091	    0.001
      	    0.075	    0.001	    0.009	    0.002
      	    0.001	    0.000	   -0.001	   -0.001
      	    0.001	    0.000	   -0.022	    0.000
      	   -0.015	    0.000	    0.002	    0.000
      	    0.000	    0.000	   -0.001	    0.000
      	    0.000	    0.000	    0.006	    0.000
      	    0.005	    0.000	    0.000	    0.000
      	    0.000	    0.000	    0.000	    0.000
1300.0	    1.866	    0.568	    0.000	    0.000
      	    0.000	    0.000	    0.000	    0.000
      	   -1.770	    1.150	    0.000	    0.000
      	    0.229	    0.062	    0.000	    0.000
      	   -4.834	    5.209	   -2.230	   -0.280
      	    0.384	   -0.205	    1.960	    0.883
      	    0.011	    0.002	   -0.471	    0.006
      	   -0.168	    0.006	    0.152	    0.024
      	   -0.005	    0.002	   -0.073	   -0.026
      	   -0.002	    0.000	    0.092	    0.001
      	    0.076	    0.001	    0.010	    0.002
      	    0.001	    0.000	   -0.001	   -0.001
      	    0.001	    0.000	   -0.022	    0.000
      	   -0.015	    0.000	    0.002	    0.000
      	    0.000	    0.000	   -0.001	    0.000
      	    0.000	    0.000	    0.006	    0.000
      	    0.005	    0.000	    0.000	    0.000
      	    0.000	    0.000	    0.000	    0.000
1305.0	    1.854	    0.579	    0.000	    0.000
      	    0.000	    0.000	    0.000	    0.000
      	   -1.778	    1.166	    0.000	    0.000
      	    0.219	    0.070	    0.000	    0.000
      	   -4.770	    4.862	   -2.180	   -0.302
      	    0.372	   -0.179	    1.978	    0.964
      	    0.011	    0.002	   -0.472	    0.006
      	   -0.166	    0.006	    0.157	    0.027
      	   -0.005	    0.002	   -0.078	   -0.028
      	   -0.002	    0.000	    0.093	    0.001
      	    0.077	    0.001	    0.011	    0.002
      	    0.001	    0.000	   -0.001	   -0.001
      	    0.001	    0.000	   -0.022	    0.000
      	   -0.015	    0.000	    0.002	    0.000
      	    0.000	    0.000	   -0.001	    0.000
      	    0.000	    0.000	    0.006	    0.000
      	    0.005	    0.000	    0.000	    0.000
      	    0.000	    0.000	    0.000	    0.000
1310.0	    1.844	    0.591	    0.000	    0.000
      	    0.000	    0.000	    0.000	    0.000
      	   -1.786	    1.182	    0.000	    0.000
      	    0.209	    0.077	    0.000	    0.000
      	   -4.695	    4.543	   -2.128	   -0.324
      	    0.359	   -0.156	    1.991	    1.050
      	    0.011	    0.002	   -0.473	    0.006
      	   -0.164	    0.007	    0.163	    0.029
      	   -0.005	    0.002	   -0.084	   -0.030
      	   -0.002	    0.000	    0.093	    0.001
      	    0.078	    0.001	    0.012	    0.002
      	    0.001	    0.000	   -0.001	   -0.001
      	    0.001	    0.000	   -0.022	    0.000
      	   -0.015	    0.000	    0.002	    0.000
      	    0.000	    0.000	   -0.001	    0.000
      	    0.000	    0.000	    0.006	    0.000
      	    0.005	    0.000	    0.000	    0.000
      	    0.000	    0.000	    0.000	    0.000
1315.0	    1.835	    0.602	    0.000	    0.000
      	    0.000	    0.000	    0.000	    0.000
      	   -1.794	    1.197	    0.000	    0.000
      	    0.200	    0.084	    0.000	    0.000
      	   -4.611	    4.249	   -2.074	   -0.344
      	    0.346	   -0.135	    1.996	    1.141
      	    0.011	    0.002	   -0.474	    0.007
      	   -0.162	    0.007	    0.168	    0.032
      	   -0.005	    0.002	   -0.089	   -0.032
      	   -0.002	    0.000	    0.094	    0.001
      	    0.079	    0.001	    0.012	    0.002
      	    0.001	    0.000	   -0.001	   -0.001
      	    0.001	    0.000	   -0.023	    0.000
      	   -0.015	    0.000	    0.002	    0.000
      	    0.000	    0.000	   -0.001	    0.000
      	    0.000	    0.000	    0.006	    0.000
      	    0.005	    0.000	    0.000	    0.000
      	    0.000	    0.000	    0.000	    0.000
1320.0	    1.827	    0.615	    0.000	    0.000
      	    0.000	    0.000	    0.000	    0.000
      	   -1.802	    1.212	    0.000	    0.000
      	    0.191	    0.089	    0.000	    0.000
      	   -4.521	    3.978	   -2.016	   -0.363
      	    0.333	   -0.116	    1.994	    1.235
      	    0.010	    0.002	   -0.474	    0.007
      	   -0.160	    0.007	    0.174	    0.035
      	   -0.005	    0.002	   -0.095	   -0.034
      	   -0.002	    0.000	    0.095	    0.001
      	    0.080	    0.001	    0.013	    0.003
      	    0.001	    0.000	   -0.001	   -0.001
      	    0.001	    0.000	   -0.023	    0.000
      	   -0.015	    0.000	    0.002	    0.000
      	    0.000	    0.000	   -0.001	    0.000
      	    0.000	    0.000	    0.006	    0.000
      	    0.005	    0.000	    0.000	    0.000
      	    0.000	    0.000	    0.000	    0.000
1325.0	    1.820	    0.628	    0.000	    0.000
      	    0.000	    0.000	    0.000	    0.000
      	   -1.810	    1.227	    0.000	    0.000
      	    0.182	    0.093	    0.000	    0.000
      	   -4.428	    3.728	   -1.957	   -0.381
      	    0.321	   -0.099	    1.983	    1.333
      	    0.010	    0.002	   -0.475	    0.007
      	   -0.158	    0.008	    0.180	    0.039
      	   -0.005	    0.002	   -0.101	   -0.037
      	   -0.002	    0.000	    0.096	    0.002
      	    0.081	    0.001	    0.014	    0.003
      	    0.001	    0.000	   -0.001	   -0.001
      	    0.001	    0.000	   -0.023	    0.000
      	   -0.015	    0.000	    0.003	    0.000
      	    0.000	    0.000	   -0.001	    0.000
      	    0.000	    0.000	    0.006	    0.000
      	    0.005	    0.000	    0.000	    0.000
      	    0.000	    0.000	    0.000	    0.000
1330.0	    1.815	    0.641	    0.000	    0.000
      	    0.000	    0.000	    0.000	    0.000
      	   -1.818	    1.241	    0.000	    0.000
      	    0.174	    0.097	    0.000	    0.000
      	   -4.330	    3.496	   -1.895	   -0.397
      	    0.309	   -0.084	    1.962	    1.433
      	    0.010	    0.002	   -0.475	    0.008
      	   -0.156	    0.008	    0.186	    0.043
      	   -0.005	    0.003	   -0.107	   -0.040
      	   -0.002	    0.000	    0.097	    0.002
      	    0.081	    0.001	    0.015	    0.003
      	    0.001	    0.000	   -0.001	   -0.001
      	    0.001	    0.000	   -0.023	    0.000
      	   -0.015	    0.000	    0.003	    0.000
      	    0.000	    0.000	   -0.001	    0.000
      	    0.000	    0.000	    0.006	    0.000
      	    0.005	    0.000	    0.000	    0.000
      	    0.000	    0.000	    0.000	    0.000
1335.0	    1.811	    0.655	    0.000	    0.000
      	    0.000	    0.000	    0.000	    0.000
      	   -1.826	    1.255	    0.000	    0.000
      	    0.166	    0.100	    0.000	    0.000
      	   -4.231	    3.282	   -1.830	   -0.409
      	    0.297	   -0.070	    1.930	    1.534
      	    0.010	    0.002	   -0.476	    0.008
      	   -0.153	    0.008	    0.193	    0.047
      	   -0.005	    0.003	   -0.114	   -0.043
      	   -0.002	    0.000	    0.098	    0.002
      	    0.082	    0.001	    0.017	    0.003
      	    0.001	    0.000	   -0.001	   -0.001
      	    0.001	    0.000	   -0.023	    0.000
      	   -0.015	    0.000	    0.003	    0.000
      	    0.000	    0.000	   -0.001	    0.000
      	    0.000	    0.000	    0.006	    0.000
      	    0.005	    0.000	    0.000	    0.000
      	    0.000	    0.000	    0.000	    0.000
1340.0	    1.809	    0.669	    0.000	    0.000
      	    0.000	    0.000	    0.000	    0.000
      	   -1.833	    1.268	    0.000	    0.000
      	    0.159	    0.102	    0.000	    0.000
      	   -4.129	    3.082	   -1.764	   -0.418
      	    0.285	   -0.057	    1.887	    1.635
      	    0.010	    0.003	   -0.476	    0.009
      	   -0.151	    0.008	    0.199	    0.051
      	   -0.005	    0.003	   -0.121	   -0.046
      	   -0.002	    0.000	    0.099	    0.002
      	    0.083	    0.001	    0.018	    0.004
      	    0.001	    0.000	   -0.001	   -0.001
      	    0.001	    0.000	   -0.023	    0.000
      	   -0.015	    0.000	    0.003	    0.000
      	    0.000	    0.000	   -0.001	    0.000
      	    0.000	    0.000	    0.006	    0.000
      	    0.005	    0.000	    0.000	    0.000
      	    0.000	    0.000	    0.000	    0.000
1345.0	    1.808	    0.684	    0.000	    0.000
      	    0.000	    0.000	    0.000	    0.000
      	   -1.842	    1.280	    0.000	    0.000
      	    0.152	    0.104	    0.000	    0.000
      	   -4.028	    2.897	   -1.696	   -0.423
      	    0.274	   -0.046	    1.833	    1.734
      	    0.010	    0.003	   -0.475	    0.010
      	   -0.148	    0.009	    0.206	    0.056
      	   -0.005	    0.003	   -0.128	   -0.050
      	   -0.002	    0.000	    0.099	    0.002
      	    0.084	    0.002	    0.019	    0.004
      	    0.001	    0.000	   -0.002	   -0.001
      	    0.001	    0.000	   -0.024	    0.000
      	   -0.015	    0.000	    0.003	    0.000
      	    0.000	    0.000	   -0.001	    0.000
      	    0.000	    0.000	    0.006	    0.000
      	    0.005	    0.000	    0.000	    0.000
      	    0.000	    0.000	    0.000	    0.000
1350.0	    1.809	    0.699	    0.000	    0.000
      	    0.000	    0.000	    0.000	    0.000
      	   -1.850	    1.292	    0.000	    0.000
      	    0.145	    0.106	    0.000	    0.000
      	   -3.927	    2.724	   -1.628	   -0.425
      	    0.263	   -0.036	    1.768	    1.828
      	    0.010	    0.003	   -0.475	    0.010
      	   -0.146	    0.009	    0.214	    0.061
      	   -0.005	    0.003	   -0.135	   -0.054
      	   -0.002	    0.000	    0.100	    0.002
      	    0.085	    0.002	    0.020	    0.004
      	    0.001	    0.000	   -0.002	   -0.002
      	    0.001	    0.000	   -0.024	    0.000
      	   -0.015	    0.000	    0.003	    0.000
      	    0.000	    0.000	   -0.002	    0.000
      	    0.000	    0.000	    0.007	    0.000
      	    0.006	    0.000	    0.000	    0.000
      	    0.000	    0.000	    0.000	    0.000
1355.0	    1.811	    0.715	    0.000	    0.000
      	    0.000	    0.000	    0.000	    0.000
      	   -1.858	    1.303	    0.000	    0.000
      	    0.139	    0.107	    0.000	    0.000
      	   -3.825	    2.562	   -1.559	   -0.421
      	    0.252	   -0.027	    1.692	    1.917
      	    0.010	    0.003	   -0.474	    0.011
      	   -0.143	    0.009	    0.222	    0.067
      	   -0.005	    0.003	   -0.143	   -0.058
      	   -0.002	    0.000	    0.101	    0.002
      	    0.086	    0.002	    0.021	    0.004
      	    0.001	    0.000	   -0.002	   -0.002
      	    0.001	    0.000	   -0.024	    0.000
      	   -0.015	    0.000	    0.003	    0.000
      	    0.000	    0.000	   -0.002	    0.000
      	    0.000	    0.000	    0.007	    0.000
      	    0.006	    0.000	    0.000	    0.000
      	    0.000	    0.000	    0.000	    0.000
1360.0	    1.816	    0.732	    0.000	    0.000
      	    0.000	    0.000	    0.000	    0.000
      	   -1.866	    1.314	    0.000	    0.000
      	    0.133	    0.107	    0.000	    0.000
      	   -3.724	    2.411	   -1.492	   -0.413
      	    0.241	   -0.019	    1.606	    2.000
      	    0.010	    0.003	   -0.474	    0.012
      	   -0.141	    0.010	    0.230	    0.074
      	   -0.005	    0.003	   -0.151	   -0.063
      	   -0.002	    0.000	    0.102	    0.002
      	    0.087	    0.002	    0.023	    0.005
      	    0.001	    0.000	   -0.002	   -0.002
      	    0.001	    0.000	   -0.024	    0.000
      	   -0.015	    0.000	    0.003	    0.000
      	    0.000	    0.000	   -0.002	    0.000
      	    0.000	    0.000	    0.007	    0.000
      	    0.006	    0.000	    0.000	    0.000
      	    0.000	    0.000	    0.000	    0.000
1365.0	    1.822	    0.750	    0.000	    0.000
      	    0.000	    0.000	    0.000	    0.000
      	   -1.875	    1.325	    0.000	    0.000
      	    0.127	    0.108	    0.000	    0.000
      	   -3.624	    2.269	   -1.425	   -0.400
      	    0.231	   -0.012	    1.511	    2.073
      	    0.010	    0.003	   -0.473	    0.013
      	   -0.138	    0.010	    0.238	    0.081
      	   -0.005	    0.004	   -0.160	   -0.068
      	   -0.002	    0.000	    0.103	    0.003
      	    0.088	    0.002	    0.024	    0.005
      	    0.001	    0.000	   -0.002	   -0.002
      	    0.001	    0.000	   -0.024	    0.000
      	   -0.015	    0.000	    0.003	    0.000
      	    0.000	    0.000	   -0.002	    0.000
      	    0.000	    0.000	    0.007	    0.000
      	    0.006	    0.000	    0.000	    0.000
      	    0.000	    0.000	    0.001	    0.000
1370.0	    1.830	    0.769	    0.000	    0.000
      	    0.000	    0.000	    0.000	    0.000
      	   -1.885	    1.335	    0.000	    0.000
      	    0.121	    0.108	    0.000	    0.000
      	   -3.525	    2.137	   -1.362	   -0.383
      	    0.221	   -0.005	    1.410	    2.135
      	    0.009	    0.003	   -0.471	    0.014
      	   -0.135	    0.010	    0.247	    0.089
      	   -0.005	    0.004	   -0.168	   -0.073
      	   -0.002	    0.000	    0.104	    0.003
      	    0.089	    0.002	    0.026	    0.005
      	    0.001	    0.000	   -0.003	   -0.002
      	    0.001	    0.000	   -0.024	    0.000
      	   -0.015	    0.000	    0.003	    0.000
      	    0.000	    0.000	   -0.002	    0.000
      	    0.000	    0.000	    0.007	    0.000
      	    0.006	    0.000	    0.000	    0.000
      	    0.000	    0.000	    0.001	    0.000
1375.0	    1.840	    0.788	    0.000	    0.000
      	    0.000	    0.000	    0.000	    0.000
      	   -1.894	    1.344	    0.000	    0.000
      	    0.116	    0.108	    0.000	    0.000
      	   -3.427	    2.012	   -1.301	   -0.362
      	    0.212	    0.001	    1.305	    2.186
      	    0.009	    0.004	   -0.470	    0.016
      	   -0.132	    0.011	    0.257	    0.097
      	   -0.005	    0.004	   -0.178	   -0.080
      	   -0.002	    0.000	    0.104	    0.003
      	    0.090	    0.002	    0.027	    0.006
      	    0.001	    0.000	   -0.003	   -0.002
      	    0.001	    0.000	   -0.025	    0.000
      	   -0.015	    0.000	    0.004	    0.000
      	    0.000	    0.000	   -0.002	    0.000
      	    0.000	    0.000	    0.007	    0.000
      	    0.006	    0.000	    0.000	    0.000
      	    0.000	    0.000	    0.001	    0.000
1380.0	    1.852	    0.809	    0.000	    0.000
      	    0.000	    0.000	    0.000	    0.000
      	   -1.905	    1.352	    0.000	    0.000
      	    0.111	    0.108	    0.000	    0.000
      	   -3.331	    1.895	   -1.245	   -0.339
      	    0.202	    0.006	    1.199	    2.224
      	    0.009	    0.004	   -0.469	    0.017
      	   -0.130	    0.011	    0.267	    0.107
      	   -0.004	    0.004	   -0.187	   -0.086
      	   -0.002	    0.000	    0.105	    0.003
      	    0.091	    0.002	    0.029	    0.006
      	    0.000	    0.000	   -0.003	   -0.003
      	    0.001	    0.000	   -0.025	    0.000
      	   -0.015	    0.000	    0.004	    0.000
      	    0.000	    0.000	   -0.002	    0.000
      	    0.000	    0.000	    0.007	    0.000
      	    0.006	    0.000	    0.000	    0.000
      	    0.000	    0.000	    0.001	    0.000
1385.0	    1.867	    0.831	    0.000	    0.000
      	    0.000	    0.000	    0.000	    0.000
      	   -1.916	    1.359	    0.000	    0.000
      	    0.106	    0.107	    0.000	    0.000
      	   -3.236	    1.784	   -1.192	   -0.313
      	    0.194	    0.011	    1.091	    2.251
      	    0.009	    0.004	   -0.467	    0.019
      	   -0.127	    0.011	    0.277	    0.117
      	   -0.004	    0.004	   -0.197	   -0.094
      	   -0.002	    0.000	    0.106	    0.003
      	    0.091	    0.002	    0.030	    0.007
      	    0.000	    0.000	   -0.004	   -0.003
      	    0.001	    0.000	   -0.025	    0.000
      	   -0.015	    0.000	    0.004	    0.000
      	    0.000	    0.000	   -0.002	    0.000
      	    0.000	    0.000	    0.007	    0.000
      	    0.006	    0.000	    0.000	    0.000
      	    0.000	    0.000	    0.001	    0.000
1390.0	    1.884	    0.855	    0.000	    0.000
      	    0.000	    0.000	    0.000	    0.000
      	   -1.927	    1.365	    0.000	    0.000
      	    0.102	    0.107	    0.000	    0.000
      	   -3.142	    1.679	   -1.144	   -0.286
      	    0.185	    0.015	    0.986	    2.265
      	    0.009	    0.004	   -0.465	    0.021
      	   -0.124	    0.012	    0.288	    0.129
      	   -0.004	    0.005	   -0.207	   -0.102
      	   -0.002	    0.000	    0.107	    0.004
      	    0.092	    0.003	    0.032	    0.007
      	    0.000	    0.000	   -0.004	   -0.003
      	    0.001	    0.000	   -0.025	    0.000
      	   -0.015	    0.000	    0.004	    0.000
      	    0.000	    0.000	   -0.002	    0.000
      	    0.000	    0.000	    0.007	    0.000
      	    0.006	    0.000	    0.000	    0.000
      	    0.000	    0.000	    0.001	    0.000
1395.0	    1.903	    0.881	    0.000	    0.000
      	    0.000	    0.000	    0.000	    0.000
      	   -1.940	    1.372	    0.000	    0.000
      	    0.098	    0.106	    0.000	    0.000
      	   -3.050	    1.581	   -1.100	   -0.258
      	    0.176	    0.019	    0.883	    2.269
      	    0.009	    0.004	   -0.463	    0.023
      	   -0.121	    0.012	    0.299	    0.142
      	   -0.004	    0.005	   -0.218	   -0.111
      	   -0.002	    0.000	    0.108	    0.004
      	    0.093	    0.003	    0.034	    0.007
      	    0.000	    0.000	   -0.005	   -0.003
      	    0.001	    0.000	   -0.025	    0.000
      	   -0.015	    0.000	    0.004	    0.000
      	    0.000	    0.000	   -0.002	    0.000
      	    0.000	    0.000	    0.007	    0.000
      	    0.006	    0.000	    0.000	    0.000
      	    0.000	    0.000	    0.001	    0.000
1400.0	    1.926	    0.908	    0.000	    0.000
      	    0.000	    0.000	    0.000	    0.000
      	   -1.953	    1.377	    0.000	    0.000
      	    0.094	    0.105	    0.000	    0.000
      	   -2.959	    1.488	   -1.060	   -0.230
      	    0.168	    0.022	    0.785	    2.262
      	    0.009	    0.005	   -0.461	    0.026
      	   -0.118	    0.013	    0.311	    0.156
      	   -0.004	    0.005	   -0.229	   -0.121
      	   -0.002	    0.000	    0.109	    0.004
      	    0.094	    0.003	    0.036	    0.008
      	    0.000	    0.000	   -0.005	   -0.003
      	    0.001	    0.000	   -0.025	    0.000
      	   -0.015	    0.000	    0.004	    0.000
      	    0.000	    0.000	   -0.002	    0.000
      	    0.000	    0.000	    0.007	    0.000
      	    0.006	    0.000	    0.000	    0.000
      	    0.000	    0.000	    0.001	    0.000
1405.0	    1.952	    0.938	    0.000	    0.000
      	    0.000	    0.000	    0.000	    0.000
      	   -1.968	    1.381	    0.000	    0.000
      	    0.090	    0.104	    0.000	    0.000
      	   -2.869	    1.400	   -1.025	   -0.203
      	    0.160	    0.025	    0.693	    2.247
      	    0.009	    0.005	   -0.459	    0.030
      	   -0.115	    0.013	    0.324	    0.172
      	   -0.004	    0.005	   -0.240	   -0.132
      	   -0.002	   -0.001	    0.110	    0.004
      	    0.095	    0.003	    0.038	    0.009
      	    0.000	    0.000	   -0.006	   -0.004
      	    0.001	    0.000	   -0.025	    0.000
      	   -0.015	    0.000	    0.004	    0.000
      	    0.000	    0.000	   -0.003	    0.000
      	    0.000	    0.000	    0.007	    0.000
      	    0.006	    0.000	    0.000	    0.000
      	    0.000	    0.000	    0.001	    0.000
1410.0	    1.981	    0.970	    0.000	    0.000
      	    0.000	    0.000	    0.000	    0.000
      	   -1.984	    1.383	    0.000	    0.000
      	    0.086	    0.103	    0.000	    0.000
      	   -2.781	    1.316	   -0.992	   -0.176
      	    0.152	    0.028	    0.608	    2.223
      	    0.009	    0.005	   -0.457	    0.034
      	   -0.112	    0.013	    0.336	    0.190
      	   -0.004	    0.006	   -0.252	   -0.145
      	   -0.002	   -0.001	    0.111	    0.005
      	    0.096	    0.003	    0.040	    0.009
      	    0.000	    0.000	   -0.006	   -0.004
      	    0.001	    0.000	   -0.025	    0.000
      	   -0.015	    0.000	    0.004	    0.000
      	    0.000	    0.000	   -0.003	    0.000
      	    0.000	    0.000	    0.007	    0.000
      	    0.006	    0.000	    0.000	    0.000
      	    0.000	    0.000	    0.001	    0.000
1415.0	    2.014	    1.005	    0.000	    0.000
      	    0.000	    0.000	    0.000	    0.000
      	   -2.001	    1.385	    0.000	    0.000
      	    0.083	    0.101	    0.000	    0.000
      	   -2.694	    1.237	   -0.963	   -0.152
      	    0.144	    0.030	    0.529	    2.194
      	    0.009	    0.005	   -0.455	    0.038
      	   -0.109	    0.014	    0.349	    0.209
      	   -0.004	    0.006	   -0.264	   -0.159
      	   -0.002	   -0.001	    0.112	    0.005
      	    0.097	    0.003	    0.042	    0.010
      	    0.000	   -0.001	   -0.007	   -0.004
      	    0.001	    0.000	   -0.026	    0.000
      	   -0.015	    0.000	    0.004	    0.000
      	    0.000	    0.000	   -0.003	    0.000
      	    0.000	    0.000	    0.007	    0.000
      	    0.006	    0.000	    0.000	    0.000
      	    0.000	    0.000	    0.001	    0.000
1420.0	    2.050	    1.043	    0.000	    0.000
      	    0.000	    0.000	    0.000	    0.000
      	   -2.020	    1.386	    0.000	    0.000
      	    0.080	    0.100	    0.000	    0.000
      	   -2.610	    1.163	   -0.937	   -0.128
      	    0.137	    0.032	    0.456	    2.159
      	    0.008	    0.005	   -0.453	    0.044
      	   -0.105	    0.014	    0.363	    0.231
      	   -0.004	    0.006	   -0.276	   -0.174
      	   -0.002	   -0.001	    0.113	    0.005
      	    0.098	    0.004	    0.044	    0.010
      	    0.000	   -0.001	   -0.008	   -0.005
      	    0.001	    0.000	   -0.026	    0.000
      	   -0.015	    0.000	    0.004	    0.000
      	    0.000	    0.000	   -0.003	    0.000
      	    0.000	    0.000	    0.007	    0.000
      	    0.006	    0.000	    0.000	    0.000
      	    0.000	    0.000	    0.001	    0.000
1425.0	    2.091	    1.085	    0.000	    0.000
      	    0.000	    0.000	    0.000	    0.000
      	   -2.040	    1.385	    0.000	    0.000
      	    0.077	    0.098	    0.000	    0.000
      	   -2.526	    1.092	   -0.913	   -0.108
      	    0.130	    0.034	    0.391	    2.120
      	    0.008	    0.006	   -0.451	    0.050
      	   -0.102	    0.015	    0.376	    0.256
      	   -0.004	    0.006	   -0.288	   -0.192
      	   -0.002	   -0.001	    0.114	    0.006
      	    0.099	    0.004	    0.046	    0.011
      	    0.000	   -0.001	   -0.008	   -0.005
      	    0.001	    0.000	   -0.026	    0.000
      	   -0.014	    0.000	    0.005	    0.000
      	    0.000	    0.000	   -0.003	    0.000
      	    0.000	    0.000	    0.007	    0.000
      	    0.007	    0.000	    0.000	    0.000
      	    0.000	    0.000	    0.001	    0.000
1430.0	    2.137	    1.132	    0.000	    0.000
      	    0.000	    0.000	    0.000	    0.000
      	   -2.062	    1.382	    0.000	    0.000
      	    0.074	    0.097	    0.000	    0.000
      	   -2.445	    1.025	   -0.890	   -0.089
      	    0.123	    0.035	    0.332	    2.078
      	    0.008	    0.006	   -0.450	    0.057
      	   -0.099	    0.015	    0.389	    0.284
      	   -0.004	    0.007	   -0.301	   -0.211
      	   -0.002	   -0.001	    0.115	    0.006
      	    0.100	    0.004	    0.049	    0.012
      	    0.000	   -0.001	   -0.009	   -0.005
      	    0.001	    0.000	   -0.026	    0.000
      	   -0.014	    0.000	    0.005	    0.000
      	    0.000	    0.000	   -0.003	    0.000
      	    0.000	    0.000	    0.007	    0.000
      	    0.007	    0.000	    0.000	    0.000
      	    0.000	    0.000	    0.001	    0.000
1435.0	    2.188	    1.184	    0.000	    0.000
      	    0.000	    0.000	    0.000	    0.000
      	   -2.087	    1.377	    0.000	    0.000
      	    0.072	    0.095	    0.000	    0.000
      	   -2.365	    0.962	   -0.869	   -0.071
      	    0.116	    0.036	    0.279	    2.033
      	    0.008	    0.006	   -0.449	    0.066
      	   -0.096	    0.016	    0.402	    0.315
      	   -0.004	    0.007	   -0.313	   -0.233
      	   -0.002	   -0.001	    0.116	    0.006
      	    0.101	    0.004	    0.051	    0.013
      	    0.000	   -0.001	   -0.010	   -0.006
      	    0.001	    0.000	   -0.026	    0.000
      	   -0.014	    0.000	    0.005	    0.000
      	    0.000	    0.000	   -0.003	    0.000
      	    0.000	    0.000	    0.007	    0.000
      	    0.007	    0.000	    0.000	    0.000
      	    0.000	    0.000	    0.001	    0.000
1440.0	    2.244	    1.243	    0.000	    0.000
      	    0.000	    0.000	    0.000	    0.000
      	   -2.115	    1.369	    0.000	    0.000
      	    0.069	    0.094	    0.000	    0.000
      	   -2.286	    0.902	   -0.850	   -0.055
      	    0.109	    0.037	    0.232	    1.987
      	    0.008	    0.006	   -0.449	    0.075
      	   -0.092	    0.016	    0.414	    0.349
      	   -0.004	    0.007	   -0.324	   -0.257
      	   -0.002	   -0.001	    0.117	    0.007
      	    0.101	    0.004	    0.054	    0.014
      	    0.000	   -0.001	   -0.011	   -0.006
      	    0.001	    0.000	   -0.026	    0.000
      	   -0.014	    0.000	    0.005	    0.000
      	    0.000	    0.000	   -0.003	    0.000
      	    0.000	    0.000	    0.007	    0.000
      	    0.007	    0.000	    0.000	    0.000
      	    0.000	    0.000	    0.001	    0.000
1445.0	    2.306	    1.309	    0.000	    0.000
      	    0.000	    0.000	    0.000	    0.000
      	   -2.145	    1.359	    0.000	    0.000
      	    0.067	    0.092	    0.000	    0.000
      	   -2.209	    0.845	   -0.832	   -0.041
      	    0.103	    0.037	    0.190	    1.940
      	    0.008	    0.007	   -0.450	    0.087
      	   -0.089	    0.017	    0.425	    0.388
      	   -0.004	    0.008	   -0.334	   -0.285
      	   -0.002	   -0.001	    0.118	    0.007
      	    0.102	    0.005	    0.057	    0.015
      	    0.000	   -0.001	   -0.012	   -0.007
      	    0.001	    0.000	   -0.026	    0.000
      	   -0.014	    0.000	    0.005	    0.000
      	    0.000	    0.000	   -0.003	    0.000
      	    0.000	    0.000	    0.007	    0.000
      	    0.007	    0.000	    0.000	    0.000
      	    0.000	    0.000	    0.001	    0.000
1450.0	    2.375	    1.385	    0.000	    0.000
      	    0.000	    0.000	    0.000	    0.000
      	   -2.178	    1.346	    0.000	    0.000
      	    0.065	    0.090	    0.000	    0.000
      	   -2.133	    0.791	   -0.814	   -0.029
      	    0.096	    0.037	    0.153	    1.893
      	    0.008	    0.007	   -0.453	    0.100
      	   -0.086	    0.017	    0.434	    0.431
      	   -0.004	    0.008	   -0.343	   -0.315
      	   -0.002	   -0.001	    0.120	    0.008
      	    0.103	    0.005	    0.059	    0.016
      	    0.000	   -0.001	   -0.013	   -0.007
      	    0.001	    0.000	   -0.026	    0.000
      	   -0.014	    0.000	    0.005	    0.000
      	    0.000	    0.000	   -0.003	    0.000
      	    0.000	    0.000	    0.007	    0.000
      	    0.007	    0.000	    0.000	    0.000
      	    0.000	    0.000	    0.001	    0.000
1455.0	    2.451	    1.471	    0.000	    0.000
      	    0.000	    0.000	    0.000	    0.000
      	   -2.215	    1.330	    0.000	    0.000
      	    0.063	    0.089	    0.000	    0.000
      	   -2.058	    0.740	   -0.797	   -0.019
      	    0.090	    0.038	    0.120	    1.845
      	    0.008	    0.007	   -0.457	    0.114
      	   -0.082	    0.018	    0.440	    0.479
      	   -0.004	    0.008	   -0.350	   -0.350
      	   -0.002	   -0.001	    0.121	    0.008
      	    0.104	    0.005	    0.062	    0.017
      	    0.000	   -0.001	   -0.014	   -0.008
      	    0.001	    0.000	   -0.026	    0.000
      	   -0.014	    0.000	    0.005	    0.000
      	    0.000	    0.000	   -0.003	    0.000
      	    0.000	    0.000	    0.007	    0.000
      	    0.007	    0.000	    0.000	    0.000
      	    0.000	    0.000	    0.001	    0.000
1460.0	    2.534	    1.572	    0.000	    0.000
      	    0.000	    0.000	    0.000	    0.000
      	   -2.256	    1.309	    0.000	    0.000
      	    0.062	    0.087	    0.000	    0.000
      	   -1.985	    0.691	   -0.780	   -0.010
      	    0.084	    0.038	    0.092	    1.798
      	    0.008	    0.007	   -0.464	    0.130
      	   -0.079	    0.019	    0.443	    0.532
      	   -0.004	    0.009	   -0.354	   -0.387
      	   -0.002	   -0.001	    0.122	    0.009
      	    0.105	    0.005	    0.065	    0.018
      	    0.000	   -0.001	   -0.015	   -0.008
      	    0.001	    0.000	   -0.026	    0.000
      	   -0.014	    0.000	    0.005	    0.000
      	    0.000	    0.000	   -0.003	    0.000
      	    0.000	    0.000	    0.007	    0.000
      	    0.007	    0.000	    0.000	    0.000
      	    0.000	    0.000	    0.001	    0.000
1465.0	    2.625	    1.689	    0.000	    0.000
      	    0.000	    0.000	    0.000	    0.000
      	   -2.303	    1.283	    0.000	    0.000
      	    0.060	    0.086	    0.000	    0.000
      	   -1.914	    0.645	   -0.763	   -0.002
      	    0.078	    0.037	    0.066	    1.752
      	    0.007	    0.008	   -0.475	    0.148
      	   -0.075	    0.019	    0.440	    0.590
      	   -0.005	    0.009	   -0.355	   -0.428
      	   -0.002	   -0.001	    0.123	    0.009
      	    0.106	    0.006	    0.069	    0.019
      	    0.000	   -0.001	   -0.017	   -0.009
      	    0.001	    0.000	   -0.027	    0.000
      	   -0.014	    0.000	    0.006	    0.000
      	    0.000	    0.000	   -0.004	    0.000
      	    0.000	    0.000	    0.007	    0.000
      	    0.007	    0.000	    0.000	    0.000
      	    0.000	    0.000	    0.001	    0.000
1470.0	    2.724	    1.828	    0.000	    0.000
      	    0.000	    0.000	    0.000	    0.000
      	   -2.354	    1.250	    0.000	    0.000
      	    0.059	    0.084	    0.000	    0.000
      	   -1.844	    0.602	   -0.747	    0.005
      	    0.072	    0.037	    0.044	    1.707
      	    0.007	    0.008	   -0.489	    0.167
      	   -0.072	    0.020	    0.430	    0.653
      	   -0.005	    0.009	   -0.350	   -0.473
      	   -0.002	   -0.001	    0.125	    0.010
      	    0.107	    0.006	    0.072	    0.021
      	    0.000	   -0.001	   -0.018	   -0.010
      	    0.001	    0.000	   -0.027	    0.000
      	   -0.014	    0.000	    0.006	    0.000
      	    0.000	    0.000	   -0.004	    0.000
      	    0.000	    0.000	    0.007	    0.000
      	    0.007	    0.000	    0.000	    0.000
      	    0.000	    0.000	    0.001	    0.000
1475.0	    2.834	    1.993	    0.000	    0.000
      	    0.000	    0.000	    0.000	    0.000
      	   -2.410	    1.209	    0.000	    0.000
      	    0.058	    0.082	    0.000	    0.000
      	   -1.776	    0.561	   -0.732	    0.012
      	    0.066	    0.036	    0.024	    1.662
      	    0.007	    0.008	   -0.509	    0.186
      	   -0.068	    0.021	    0.412	    0.720
      	   -0.005	    0.010	   -0.339	   -0.520
      	   -0.002	   -0.001	    0.126	    0.011
      	    0.108	    0.006	    0.075	    0.022
      	    0.000	   -0.001	   -0.019	   -0.011
      	    0.001	    0.000	   -0.027	    0.000
      	   -0.013	    0.000	    0.006	    0.000
      	    0.000	    0.000	   -0.004	    0.000
      	    0.000	    0.000	    0.007	    0.000
      	    0.007	    0.000	    0.000	    0.000
      	    0.000	    0.000	    0.001	    0.000
1480.0	    2.937	    2.193	    0.000	    0.000
      	    0.000	    0.000	    0.000	    0.000
      	   -2.480	    1.158	    0.000	    0.000
      	    0.057	    0.081	    0.000	    0.000
      	   -1.709	    0.523	   -0.717	    0.017
      	    0.061	    0.036	    0.007	    1.619
      	    0.007	    0.009	   -0.535	    0.204
      	   -0.065	    0.021	    0.384	    0.790
      	   -0.005	    0.010	   -0.321	   -0.570
      	   -0.002	   -0.001	    0.128	    0.012
      	    0.109	    0.006	    0.079	    0.024
      	    0.000	   -0.001	   -0.021	   -0.011
      	    0.001	    0.000	   -0.027	    0.000
      	   -0.013	    0.000	    0.006	    0.000
      	    0.000	    0.000	   -0.004	    0.000
      	    0.000	    0.000	    0.007	    0.000
      	    0.007	    0.000	    0.000	    0.000
      	    0.000	    0.000	    0.001	    0.000
1485.0	    3.023	    2.426	    0.000	    0.000
      	    0.000	    0.000	    0.000	    0.000
      	   -2.572	    1.088	    0.000	    0.000
      	    0.056	    0.080	    0.000	    0.000
      	   -1.644	    0.487	   -0.702	    0.022
      	    0.055	    0.035	   -0.008	    1.576
      	    0.007	    0.009	   -0.568	    0.221
      	   -0.061	    0.022	    0.345	    0.860
      	   -0.005	    0.010	   -0.294	   -0.619
      	   -0.002	   -0.001	    0.129	    0.013
      	    0.110	    0.007	    0.083	    0.026
      	    0.000	   -0.001	   -0.023	   -0.012
      	    0.000	    0.000	   -0.027	    0.000
      	   -0.013	    0.000	    0.006	    0.000
      	    0.000	    0.000	   -0.004	    0.000
      	    0.000	    0.000	    0.007	    0.000
      	    0.007	    0.000	    0.001	    0.000
      	    0.000	    0.000	    0.001	    0.000
1490.0	    2.764	    2.821	    0.000	    0.000
      	    0.000	    0.000	    0.000	    0.000
      	   -2.559	    0.944	    0.000	    0.000
      	    0.055	    0.078	    0.000	    0.000
      	   -1.580	    0.452	   -0.686	    0.025
      	    0.050	    0.034	   -0.021	    1.535
      	    0.007	    0.009	   -0.607	    0.233
      	   -0.057	    0.023	    0.292	    0.929
      	   -0.005	    0.011	   -0.257	   -0.667
      	   -0.002	   -0.001	    0.131	    0.014
      	    0.111	    0.007	    0.087	    0.028
      	    0.000	   -0.001	   -0.024	   -0.013
      	    0.000	    0.000	   -0.027	    0.000
      	   -0.013	    0.000	    0.006	    0.000
      	    0.000	    0.000	   -0.004	    0.000
      	    0.000	    0.000	    0.007	    0.000
      	    0.007	    0.000	    0.001	    0.000
      	    0.000	    0.000	    0.001	    0.000
1495.0	    2.525	    3.127	    0.000	    0.000
      	    0.000	    0.000	    0.000	    0.000
      	   -2.532	    0.800	    0.000	    0.000
      	    0.054	    0.077	    0.000	    0.000
      	   -1.518	    0.420	   -0.671	    0.028
      	    0.044	    0.033	   -0.032	    1.496
      	    0.006	    0.010	   -0.654	    0.240
      	   -0.054	    0.024	    0.226	    0.992
      	   -0.005	    0.011	   -0.211	   -0.710
      	   -0.002	   -0.001	    0.133	    0.015
      	    0.112	    0.007	    0.091	    0.030
      	    0.000	   -0.001	   -0.026	   -0.015
      	    0.000	    0.000	   -0.027	    0.000
      	   -0.013	    0.000	    0.006	    0.000
      	    0.000	    0.000	   -0.004	    0.000
      	    0.000	    0.000	    0.007	    0.000
      	    0.007	    0.000	    0.001	    0.000
      	    0.000	    0.000	    0.001	    0.000
1500.0	    2.295	    3.394	    0.000	    0.000
      	    0.000	    0.000	    0.000	    0.000
      	   -2.492	    0.656	    0.000	    0.000
      	    0.054	    0.076	    0.000	    0.000
      	   -1.457	    0.390	   -0.655	    0.030
      	    0.039	    0.031	   -0.042	    1.457
      	    0.006	    0.010	   -0.706	    0.238
      	   -0.050	    0.025	    0.148	    1.046
      	   -0.005	    0.012	   -0.156	   -0.747
      	   -0.002	   -0.001	    0.135	    0.016
      	    0.113	    0.008	    0.095	    0.032
      	    0.000	   -0.001	   -0.028	   -0.016
      	    0.000	    0.000	   -0.027	    0.000
      	   -0.013	    0.000	    0.007	    0.000
      	    0.000	    0.000	   -0.004	    0.000
      	    0.000	    0.000	    0.008	    0.000
      	    0.008	    0.000	    0.001	    0.000
      	    0.000	    0.000	    0.001	    0.000
1505.0	    2.029	    3.638	    0.000	    0.000
      	    0.000	    0.000	    0.000	    0.000
      	   -2.434	    0.519	    0.000	    0.000
      	    0.055	    0.074	    0.000	    0.000
      	   -1.397	    0.362	   -0.640	    0.033
      	    0.033	    0.030	   -0.051	    1.420
      	    0.006	    0.010	   -0.762	    0.225
      	   -0.046	    0.026	    0.061	    1.087
      	   -0.005	    0.012	   -0.094	   -0.774
      	   -0.002	   -0.001	    0.136	    0.017
      	    0.114	    0.008	    0.100	    0.035
      	    0.000	   -0.001	   -0.030	   -0.017
      	    0.000	    0.000	   -0.027	    0.000
      	   -0.013	    0.000	    0.007	    0.000
      	    0.000	    0.000	   -0.004	    0.000
      	    0.000	    0.000	    0.008	    0.000
      	    0.008	    0.000	    0.001	    0.000
      	    0.000	    0.000	    0.001	    0.000
1510.0	    1.721	    3.846	    0.000	    0.000
      	    0.000	    0.000	    0.000	    0.000
      	   -2.356	    0.390	    0.000	    0.000
      	    0.056	    0.073	    0.000	    0.000
      	   -1.339	    0.335	   -0.625	    0.034
      	    0.028	    0.028	   -0.058	    1.383
      	    0.006	    0.011	   -0.819	    0.201
      	   -0.042	    0.027	   -0.034	    1.113
      	   -0.006	    0.013	   -0.027	   -0.790
      	   -0.002	   -0.001	    0.138	    0.018
      	    0.115	    0.009	    0.105	    0.038
      	    0.000	   -0.002	   -0.032	   -0.019
      	    0.000	    0.000	   -0.027	    0.000
      	   -0.013	    0.000	    0.007	    0.000
      	    0.000	    0.000	   -0.004	    0.000
      	    0.000	    0.000	    0.008	    0.000
      	    0.008	    0.000	    0.001	    0.000
      	    0.000	    0.000	    0.001	    0.000
1515.0	    1.376	    3.999	    0.000	    0.000
      	    0.000	    0.000	    0.000	    0.000
      	   -2.257	    0.273	    0.000	    0.000
      	    0.058	    0.071	    0.000	    0.000
      	   -1.283	    0.311	   -0.609	    0.035
      	    0.023	    0.027	   -0.064	    1.349
      	    0.005	    0.011	   -0.875	    0.165
      	   -0.038	    0.029	   -0.131	    1.123
      	   -0.006	    0.013	    0.042	   -0.794
      	   -0.002	   -0.002	    0.141	    0.020
      	    0.116	    0.009	    0.110	    0.041
      	    0.000	   -0.002	   -0.035	   -0.020
      	    0.000	    0.000	   -0.027	    0.000
      	   -0.012	    0.000	    0.007	    0.000
      	    0.000	    0.000	   -0.004	    0.000
      	    0.000	    0.000	    0.008	    0.000
      	    0.008	    0.000	    0.001	    0.000
      	    0.000	    0.000	    0.001	    0.000
1520.0	    1.005	    4.086	    0.000	    0.000
      	    0.000	    0.000	    0.000	    0.000
      	   -2.142	    0.174	    0.000	    0.000
      	    0.059	    0.070	    0.000	    0.000
      	   -1.229	    0.288	   -0.594	    0.035
      	    0.017	    0.025	   -0.070	    1.315
      	    0.005	    0.012	   -0.924	    0.118
      	   -0.034	    0.030	   -0.225	    1.116
      	   -0.006	    0.014	    0.109	   -0.785
      	   -0.002	   -0.002	    0.143	    0.021
      	    0.117	    0.009	    0.115	    0.044
      	    0.000	   -0.002	   -0.037	   -0.022
      	    0.000	    0.000	   -0.027	    0.000
      	   -0.012	    0.000	    0.007	    0.000
      	    0.000	    0.000	   -0.005	    0.000
      	    0.000	    0.000	    0.008	    0.000
      	    0.008	    0.000	    0.001	    0.000
      	    0.000	    0.000	    0.001	    0.000
1525.0	    0.627	    4.098	    0.000	    0.000
      	    0.000	    0.000	    0.000	    0.000
      	   -2.016	    0.096	    0.000	    0.000
      	    0.061	    0.069	    0.000	    0.000
      	   -1.176	    0.267	   -0.579	    0.036
      	    0.012	    0.023	   -0.075	    1.282
      	    0.005	    0.012	   -0.967	    0.061
      	   -0.030	    0.032	   -0.313	    1.096
      	   -0.006	    0.014	    0.172	   -0.766
      	   -0.002	   -0.002	    0.145	    0.023
      	    0.118	    0.010	    0.120	    0.048
      	    0.000	   -0.002	   -0.040	   -0.024
      	    0.000	    0.000	   -0.027	    0.000
      	   -0.012	    0.000	    0.007	    0.000
      	    0.000	    0.000	   -0.005	    0.000
      	    0.000	    0.000	    0.008	    0.000
      	    0.008	    0.000	    0.001	    0.000
      	    0.000	    0.000	    0.001	    0.000
1530.0	    0.260	    4.038	    0.000	    0.000
      	    0.000	    0.000	    0.000	    0.000
      	   -1.887	    0.041	    0.000	    0.000
      	    0.063	    0.068	    0.000	    0.000
      	   -1.124	    0.247	   -0.565	    0.037
      	    0.007	    0.021	   -0.079	    1.250
      	    0.004	    0.012	   -0.999	   -0.002
      	   -0.026	    0.033	   -0.392	    1.063
      	   -0.007	    0.015	    0.227	   -0.737
      	   -0.002	   -0.002	    0.147	    0.025
      	    0.119	    0.010	    0.126	    0.052
      	    0.000	   -0.002	   -0.042	   -0.026
      	    0.000	    0.000	   -0.028	    0.000
      	   -0.012	    0.000	    0.007	    0.000
      	    0.000	    0.000	   -0.005	    0.000
      	    0.000	    0.000	    0.008	    0.000
      	    0.008	    0.000	    0.001	    0.000
      	    0.000	    0.000	    0.001	    0.000
1535.0	   -0.074	    3.912	    0.000	    0.000
      	    0.000	    0.000	    0.000	    0.000
      	   -1.762	    0.005	    0.000	    0.000
      	    0.065	    0.067	    0.000	    0.000
      	   -1.073	    0.229	   -0.550	    0.037
      	    0.001	    0.018	   -0.082	    1.219
      	    0.004	    0.013	   -1.023	   -0.070
      	   -0.022	    0.035	   -0.459	    1.023
      	   -0.007	    0.016	    0.275	   -0.702
      	   -0.002	   -0.002	    0.150	    0.027
      	    0.120	    0.011	    0.131	    0.056
      	    0.000	   -0.002	   -0.045	   -0.029
      	    0.000	    0.000	   -0.028	    0.000
      	   -0.012	    0.000	    0.008	    0.000
      	    0.000	    0.000	   -0.005	    0.000
      	    0.000	    0.000	    0.008	    0.000
      	    0.008	    0.000	    0.001	    0.000
      	    0.000	    0.000	    0.001	    0.000
1540.0	   -0.364	    3.732	    0.000	    0.000
      	    0.000	    0.000	    0.000	    0.000
      	   -1.647	   -0.016	    0.000	    0.000
      	    0.067	    0.067	    0.000	    0.000
      	   -1.024	    0.213	   -0.535	    0.036
      	   -0.004	    0.015	   -0.085	    1.190
      	    0.004	    0.013	   -1.037	   -0.140
      	   -0.018	    0.037	   -0.516	    0.978
      	   -0.007	    0.016	    0.314	   -0.663
      	   -0.002	   -0.002	    0.152	    0.030
      	    0.121	    0.011	    0.138	    0.061
      	    0.000	   -0.002	   -0.048	   -0.031
      	    0.000	    0.000	   -0.028	    0.000
      	   -0.012	    0.000	    0.008	    0.000
      	    0.000	    0.000	   -0.005	    0.000
      	    0.000	    0.000	    0.008	    0.000
      	    0.008	    0.000	    0.001	    0.000
      	    0.000	    0.000	    0.001	    0.000
1545.0	   -0.602	    3.514	    0.000	    0.000
      	    0.000	    0.000	    0.000	    0.000
      	   -1.543	   -0.029	    0.000	    0.000
      	    0.069	    0.066	    0.000	    0.000
      	   -0.976	    0.197	   -0.520	    0.036
      	   -0.009	    0.013	   -0.088	    1.161
      	    0.003	    0.014	   -1.043	   -0.210
      	   -0.014	    0.039	   -0.561	    0.931
      	   -0.008	    0.017	    0.345	   -0.622
      	   -0.002	   -0.002	    0.155	    0.033
      	    0.122	    0.012	    0.144	    0.067
      	    0.000	   -0.002	   -0.051	   -0.034
      	    0.000	    0.000	   -0.028	    0.000
      	   -0.012	    0.000	    0.008	    0.000
      	    0.000	    0.000	   -0.005	    0.000
      	    0.000	    0.000	    0.008	    0.000
      	    0.008	    0.000	    0.001	    0.000
      	    0.000	    0.000	    0.001	    0.000
1550.0	   -0.788	    3.274	    0.000	    0.000
      	    0.000	    0.000	    0.000	    0.000
      	   -1.452	   -0.040	    0.000	    0.000
      	    0.072	    0.066	    0.000	    0.000
      	   -0.930	    0.184	   -0.506	    0.036
      	   -0.014	    0.010	   -0.090	    1.133
      	    0.003	    0.014	   -1.041	   -0.279
      	   -0.010	    0.041	   -0.597	    0.885
      	   -0.008	    0.018	    0.368	   -0.580
      	   -0.002	   -0.002	    0.157	    0.036
      	    0.123	    0.012	    0.150	    0.073
      	    0.000	   -0.002	   -0.055	   -0.038
      	    0.000	    0.000	   -0.028	    0.000
      	   -0.011	    0.000	    0.008	    0.000
      	    0.000	    0.000	   -0.005	    0.000
      	    0.000	    0.000	    0.008	    0.000
      	    0.008	    0.000	    0.001	    0.000
      	    0.000	    0.000	    0.001	    0.000
1555.0	   -0.925	    3.023	    0.000	    0.000
      	    0.000	    0.000	    0.000	    0.000
      	   -1.373	   -0.053	    0.000	    0.000
      	    0.074	    0.066	    0.000	    0.000
      	   -0.885	    0.171	   -0.492	    0.035
      	   -0.020	    0.006	   -0.092	    1.105
      	    0.002	    0.015	   -1.033	   -0.347
      	   -0.006	    0.044	   -0.625	    0.841
      	   -0.009	    0.018	    0.385	   -0.540
      	   -0.002	   -0.002	    0.160	    0.039
      	    0.124	    0.013	    0.157	    0.080
      	    0.000	   -0.002	   -0.058	   -0.042
      	    0.000	    0.000	   -0.028	    0.000
      	   -0.011	    0.000	    0.008	    0.000
      	    0.000	    0.000	   -0.005	    0.000
      	    0.000	    0.000	    0.008	    0.000
      	    0.008	    0.000	    0.001	    0.000
      	    0.000	    0.000	    0.001	    0.000
1560.0	   -1.020	    2.771	    0.000	    0.000
      	    0.000	    0.000	    0.000	    0.000
      	   -1.304	   -0.072	    0.000	    0.000
      	    0.077	    0.066	    0.000	    0.000
      	   -0.842	    0.160	   -0.477	    0.035
      	   -0.025	    0.003	   -0.093	    1.079
      	    0.002	    0.016	   -1.019	   -0.413
      	   -0.002	    0.047	   -0.646	    0.800
      	   -0.010	    0.019	    0.396	   -0.502
      	   -0.002	   -0.002	    0.163	    0.042
      	    0.126	    0.013	    0.164	    0.087
      	    0.000	   -0.003	   -0.062	   -0.046
      	    0.000	    0.000	   -0.028	    0.000
      	   -0.011	    0.000	    0.008	    0.000
      	    0.000	    0.000	   -0.005	    0.000
      	    0.000	    0.000	    0.008	    0.000
      	    0.009	    0.000	    0.001	    0.000
      	    0.000	    0.000	    0.002	    0.000
1565.0	   -1.081	    2.525	    0.000	    0.000
      	    0.000	    0.000	    0.000	    0.000
      	   -1.241	   -0.098	    0.000	    0.000
      	    0.079	    0.066	    0.000	    0.000
      	   -0.800	    0.150	   -0.463	    0.034
      	   -0.030	   -0.001	   -0.094	    1.054
      	    0.001	    0.016	   -0.999	   -0.478
      	    0.002	    0.050	   -0.662	    0.763
      	   -0.010	    0.020	    0.402	   -0.466
      	   -0.002	   -0.002	    0.166	    0.047
      	    0.127	    0.014	    0.171	    0.096
      	    0.000	   -0.003	   -0.066	   -0.050
      	    0.000	    0.000	   -0.028	    0.000
      	   -0.011	    0.000	    0.008	    0.000
      	    0.000	    0.000	   -0.005	    0.000
      	    0.000	    0.000	    0.008	    0.000
      	    0.009	    0.000	    0.001	    0.000
      	    0.000	    0.000	    0.002	    0.000
1570.0	   -1.115	    2.290	    0.000	    0.000
      	    0.000	    0.000	    0.000	    0.000
      	   -1.182	   -0.131	    0.000	    0.000
      	    0.082	    0.066	    0.000	    0.000
      	   -0.759	    0.142	   -0.448	    0.033
      	   -0.035	   -0.005	   -0.095	    1.029
      	    0.000	    0.017	   -0.975	   -0.541
      	    0.006	    0.053	   -0.673	    0.730
      	   -0.011	    0.021	    0.405	   -0.432
      	   -0.002	   -0.002	    0.169	    0.051
      	    0.128	    0.015	    0.178	    0.105
      	    0.000	   -0.003	   -0.069	   -0.056
      	    0.000	    0.000	   -0.028	    0.000
      	   -0.011	    0.000	    0.009	    0.000
      	    0.000	    0.000	   -0.005	    0.000
      	    0.000	    0.000	    0.008	    0.000
      	    0.009	    0.000	    0.001	    0.000
      	    0.000	    0.000	    0.002	    0.000
1575.0	   -1.129	    2.070	    0.000	    0.000
      	    0.000	    0.000	    0.000	    0.000
      	   -1.127	   -0.166	    0.000	    0.000
      	    0.085	    0.067	    0.000	    0.000
      	   -0.720	    0.134	   -0.435	    0.032
      	   -0.040	   -0.010	   -0.096	    1.004
      	    0.000	    0.017	   -0.947	   -0.602
      	    0.009	    0.057	   -0.682	    0.701
      	   -0.012	    0.021	    0.405	   -0.402
      	   -0.002	   -0.003	    0.172	    0.056
      	    0.129	    0.015	    0.185	    0.115
      	    0.000	   -0.003	   -0.073	   -0.062
      	    0.000	    0.000	   -0.028	    0.000
      	   -0.011	    0.000	    0.009	    0.000
      	    0.000	    0.000	   -0.006	    0.000
      	    0.000	    0.000	    0.008	    0.000
      	    0.009	    0.000	    0.001	    0.000
      	    0.000	    0.000	    0.002	    0.000
