 W(MeV)     Re(0)   Im(0)   Re(+)    Im(+)   Re(-)    Im(-) wlab(MeV) wcm(MeV)
 1080.0     .006    .000    -.140    .000     .171    .000    685.3  -330.5
 1085.0     .009    .000    -.179   -.002     .221    .001    691.1  -324.0
 1090.0     .011    .000    -.207   -.004     .259    .002    696.9  -317.5
 1095.0     .013    .000    -.229   -.008     .290    .004    702.7  -311.1
 1100.0     .015    .000    -.248   -.013     .316    .006    708.6  -304.7
 1105.0     .017    .000    -.263   -.020     .339    .009    714.4  -298.3
 1110.0     .019    .000    -.276   -.027     .359    .013    720.3  -292.0
 1115.0     .021    .000    -.288   -.037     .378    .017    726.3  -285.7
 1120.0     .022    .000    -.299   -.048     .395    .022    732.2  -279.4
 1125.0     .024    .000    -.308   -.060     .410    .028    738.2  -273.2
 1130.0     .026    .000    -.317   -.075     .424    .035    744.2  -267.0
 1135.0     .028    .000    -.324   -.091     .438    .042    750.2  -260.9
 1140.0     .029    .000    -.330   -.110     .450    .051    756.3  -254.7
 1145.0     .031    .000    -.334   -.132     .460    .061    762.4  -248.6
 1150.0     .032   -.001    -.337   -.156     .470    .073    768.5  -242.5
 1155.0     .034   -.001    -.337   -.182     .478    .085    774.7  -236.5
 1160.0     .036   -.001    -.334   -.212     .484    .100    780.8  -230.5
 1165.0     .037   -.001    -.328   -.244     .487    .115    787.0  -224.5
 1170.0     .039   -.001    -.316   -.279     .488    .132    793.2  -218.6
 1175.0     .040   -.001    -.298   -.316     .486    .149    799.5  -212.7
 1180.0     .042   -.001    -.273   -.352     .480    .167    805.8  -206.8
 1185.0     .043   -.001    -.239   -.388     .469    .184    812.1  -200.9
 1190.0     .044   -.001    -.197   -.420     .454    .199    818.4  -195.1
 1195.0     .046   -.001    -.145   -.446     .434    .211    824.7  -189.3
 1200.0     .047   -.002    -.086   -.463     .410    .219    831.1  -183.5
 1205.0     .048   -.002    -.022   -.468     .383    .221    837.5  -177.7
 1210.0     .050   -.002     .043   -.461     .356    .216    844.0  -172.0
 1215.0     .051   -.002     .106   -.441     .329    .205    850.4  -166.3
 1220.0     .052   -.002     .163   -.410     .305    .189    856.9  -160.6
 1225.0     .054   -.002     .212   -.370     .286    .168    863.4  -155.0
 1230.0     .055   -.002     .250   -.326     .271    .145    870.0  -149.4
 1235.0     .056   -.002     .278   -.279     .262    .121    876.5  -143.8
 1240.0     .058   -.002     .297   -.234     .257    .097    883.1  -138.2
 1245.0     .059   -.003     .308   -.190     .255    .075    889.8  -132.7
 1250.0     .060   -.003     .312   -.150     .257    .054    896.4  -127.1
 1255.0     .062   -.003     .312   -.114     .261    .035    903.1  -121.6
 1260.0     .063   -.003     .307   -.082     .267    .018    909.8  -116.2
 1265.0     .064   -.003     .300   -.054     .275    .003    916.5  -110.7
 1270.0     .065   -.003     .292   -.029     .282   -.010    923.3  -105.3
 1275.0     .067   -.003     .282   -.008     .291   -.022    930.0   -99.9
 1280.0     .068   -.003     .272    .011     .300   -.032    936.9   -94.5
 1285.0     .069   -.004     .261    .027     .308   -.041    943.7   -89.2
 1290.0     .071   -.004     .250    .040     .317   -.048    950.5   -83.8
 1295.0     .072   -.004     .239    .052     .325   -.055    957.4   -78.5
 1300.0     .073   -.004     .229    .062     .334   -.061    964.3   -73.2
 1305.0     .075   -.004     .219    .070     .342   -.066    971.3   -67.9
 1310.0     .076   -.004     .209    .077     .349   -.070    978.3   -62.7
 1315.0     .077   -.004     .200    .084     .357   -.074    985.3   -57.5
 1320.0     .079   -.004     .191    .089     .364   -.077    992.3   -52.3
 1325.0     .080   -.004     .182    .093     .371   -.080    999.3   -47.1
 1330.0     .081   -.004     .174    .097     .378   -.082   1006.4   -41.9
 1335.0     .083   -.004     .166    .100     .384   -.085   1013.5   -36.8
 1340.0     .084   -.005     .159    .102     .391   -.086   1020.6   -31.6
 1345.0     .086   -.005     .152    .104     .397   -.088   1027.8   -26.5
 1350.0     .087   -.005     .145    .106     .402   -.089   1035.0   -21.4
 1355.0     .089   -.005     .139    .107     .408   -.090   1042.2   -16.4
 1360.0     .090   -.005     .133    .107     .413   -.091   1049.4   -11.3
 1365.0     .092   -.005     .127    .108     .418   -.092   1056.7    -6.3
 1370.0     .093   -.005     .121    .108     .423   -.092   1063.9    -1.3
 1375.0     .095   -.005     .116    .108     .428   -.093   1071.3     3.7
 1380.0     .097   -.005     .111    .108     .433   -.093   1078.6     8.7
 1385.0     .098   -.004     .106    .107     .438   -.093   1086.0    13.7
 1390.0     .100   -.004     .102    .107     .442   -.093   1093.4    18.6
 1395.0     .102   -.004     .098    .106     .446   -.093   1100.8    23.5
 1400.0     .104   -.004     .094    .105     .450   -.093   1108.2    28.4
 1405.0     .106   -.004     .090    .104     .455   -.092   1115.7    33.3
 1410.0     .108   -.004     .086    .103     .459   -.092   1123.2    38.2
 1415.0     .110   -.004     .083    .101     .463   -.091   1130.7    43.1
 1420.0     .112   -.003     .080    .100     .466   -.090   1138.3    47.9
 1425.0     .114   -.003     .077    .098     .470   -.089   1145.9    52.7
 1430.0     .116   -.003     .074    .097     .474   -.088   1153.5    57.5
 1435.0     .118   -.002     .072    .095     .477   -.087   1161.1    62.3
 1440.0     .120   -.002     .069    .094     .481   -.086   1168.8    67.1
 1445.0     .123   -.001     .067    .092     .484   -.084   1176.5    71.9
 1450.0     .125   -.001     .065    .090     .487   -.083   1184.2    76.6
 1455.0     .127    .000     .063    .089     .490   -.081   1191.9    81.3
 1460.0     .130    .001     .062    .087     .493   -.079   1199.7    86.0
 1465.0     .132    .001     .060    .086     .496   -.077   1207.5    90.7
 1470.0     .135    .002     .059    .084     .499   -.075   1215.3    95.4
 1475.0     .138    .003     .058    .082     .502   -.073   1223.1   100.1
 1480.0     .141    .004     .057    .081     .505   -.070   1231.0   104.7
 1485.0     .143    .005     .056    .080     .508   -.068   1238.9   109.4
 1490.0     .146    .006     .055    .078     .510   -.065   1246.8   114.0
 1495.0     .149    .008     .054    .077     .512   -.062   1254.8   118.6
 1500.0     .152    .009     .054    .076     .515   -.059   1262.8   123.2
 1505.0     .155    .011     .055    .074     .516   -.056   1270.8   127.8
 1510.0     .158    .012     .056    .073     .517   -.053   1278.8   132.4
 1515.0     .162    .014     .058    .071     .518   -.049   1286.9   136.9
 1520.0     .165    .016     .059    .070     .519   -.046   1295.0   141.5
 1525.0     .168    .018     .061    .069     .520   -.042   1303.1   146.0
 1530.0     .171    .021     .063    .068     .521   -.038   1311.2   150.5
 1535.0     .175    .023     .065    .067     .521   -.034   1319.4   155.0
 1540.0     .178    .026     .067    .067     .521   -.030   1327.6   159.5
 1545.0     .182    .029     .069    .066     .521   -.026   1335.8   164.0
 1550.0     .186    .032     .072    .066     .521   -.022   1344.0   168.4
 1555.0     .189    .035     .074    .066     .521   -.018   1352.3   172.9
 1560.0     .193    .039     .077    .066     .521   -.014   1360.6   177.3
 1565.0     .197    .043     .079    .066     .521   -.010   1368.9   181.7
 1570.0     .200    .047     .082    .066     .520   -.005   1377.3   186.2
 1575.0     .204    .051     .085    .067     .520   -.001   1385.7   190.6
   
