 W(MeV)     Re(0)   Im(0)   Re(+)    Im(+)   Re(-)    Im(-) wlab(MeV) wcm(MeV)
 1080.0     .000    .000     .002    .000    -.002    .000    685.3  -330.5
 1085.0     .001    .000     .004    .000    -.004    .000    691.1  -324.0
 1090.0     .001    .000     .006    .000    -.006    .000    696.9  -317.5
 1095.0     .001    .000     .008    .000    -.008    .000    702.7  -311.1
 1100.0     .002    .000     .011    .000    -.011    .000    708.6  -304.7
 1105.0     .002    .000     .013    .000    -.013    .000    714.4  -298.3
 1110.0     .003    .000     .016    .000    -.016    .000    720.3  -292.0
 1115.0     .003    .000     .018    .000    -.018    .000    726.3  -285.7
 1120.0     .003    .000     .021    .000    -.021    .000    732.2  -279.4
 1125.0     .004    .000     .023    .000    -.023    .000    738.2  -273.2
 1130.0     .004    .000     .026    .000    -.025    .000    744.2  -267.0
 1135.0     .005    .000     .028    .000    -.027    .000    750.2  -260.9
 1140.0     .005    .000     .030    .000    -.030    .000    756.3  -254.7
 1145.0     .005    .000     .033    .000    -.032    .000    762.4  -248.6
 1150.0     .006    .000     .035    .000    -.034    .000    768.5  -242.5
 1155.0     .006    .000     .037    .000    -.036    .000    774.7  -236.5
 1160.0     .006    .000     .039    .000    -.037    .000    780.8  -230.5
 1165.0     .006    .000     .041    .000    -.039    .000    787.0  -224.5
 1170.0     .007    .000     .042    .000    -.041    .000    793.2  -218.6
 1175.0     .007    .000     .044    .000    -.043    .000    799.5  -212.7
 1180.0     .007    .000     .046    .000    -.044    .000    805.8  -206.8
 1185.0     .007    .000     .048    .000    -.046    .000    812.1  -200.9
 1190.0     .008    .000     .049    .000    -.047    .000    818.4  -195.1
 1195.0     .008    .000     .051    .000    -.049    .000    824.7  -189.3
 1200.0     .008    .000     .052    .000    -.050    .000    831.1  -183.5
 1205.0     .008    .000     .054    .000    -.051    .000    837.5  -177.7
 1210.0     .008    .000     .055    .000    -.052    .000    844.0  -172.0
 1215.0     .008    .000     .057    .000    -.054    .000    850.4  -166.3
 1220.0     .009    .000     .058    .000    -.055    .000    856.9  -160.6
 1225.0     .009    .000     .059    .000    -.056    .000    863.4  -155.0
 1230.0     .009    .000     .061    .000    -.057    .000    870.0  -149.4
 1235.0     .009    .000     .062    .000    -.058    .000    876.5  -143.8
 1240.0     .009    .000     .063    .000    -.059    .000    883.1  -138.2
 1245.0     .009    .000     .064    .000    -.060    .000    889.8  -132.7
 1250.0     .009    .000     .065    .000    -.061    .000    896.4  -127.1
 1255.0     .009    .000     .066    .000    -.062    .000    903.1  -121.6
 1260.0     .009    .000     .068    .000    -.063    .000    909.8  -116.2
 1265.0     .009    .000     .069    .000    -.063    .000    916.5  -110.7
 1270.0     .010    .000     .070    .001    -.064    .000    923.3  -105.3
 1275.0     .010    .000     .071    .001    -.065    .000    930.0   -99.9
 1280.0     .010    .000     .072    .001    -.066    .000    936.9   -94.5
 1285.0     .010    .000     .073    .001    -.067    .000    943.7   -89.2
 1290.0     .010    .000     .074    .001    -.067    .000    950.5   -83.8
 1295.0     .010    .000     .075    .001    -.068    .000    957.4   -78.5
 1300.0     .010    .000     .076    .001    -.069    .000    964.3   -73.2
 1305.0     .010    .000     .077    .001    -.069    .000    971.3   -67.9
 1310.0     .010    .000     .078    .001    -.070    .000    978.3   -62.7
 1315.0     .010    .000     .079    .001    -.071    .000    985.3   -57.5
 1320.0     .010    .000     .080    .001    -.071   -.001    992.3   -52.3
 1325.0     .010    .000     .081    .001    -.072   -.001    999.3   -47.1
 1330.0     .010    .000     .081    .001    -.073   -.001   1006.4   -41.9
 1335.0     .010    .000     .082    .001    -.073   -.001   1013.5   -36.8
 1340.0     .010    .000     .083    .001    -.074   -.001   1020.6   -31.6
 1345.0     .010    .000     .084    .002    -.074   -.001   1027.8   -26.5
 1350.0     .010    .000     .085    .002    -.075   -.001   1035.0   -21.4
 1355.0     .010    .000     .086    .002    -.075   -.001   1042.2   -16.4
 1360.0     .010    .000     .087    .002    -.076   -.001   1049.4   -11.3
 1365.0     .010    .000     .088    .002    -.076   -.001   1056.7    -6.3
 1370.0     .010    .000     .089    .002    -.077   -.001   1063.9    -1.3
 1375.0     .010    .000     .090    .002    -.078   -.001   1071.3     3.7
 1380.0     .010    .000     .091    .002    -.078   -.001   1078.6     8.7
 1385.0     .010    .000     .091    .002    -.079   -.001   1086.0    13.7
 1390.0     .010    .000     .092    .003    -.079   -.001   1093.4    18.6
 1395.0     .010    .000     .093    .003    -.080   -.001   1100.8    23.5
 1400.0     .010    .000     .094    .003    -.080   -.001   1108.2    28.4
 1405.0     .010    .000     .095    .003    -.080   -.001   1115.7    33.3
 1410.0     .010    .000     .096    .003    -.081   -.002   1123.2    38.2
 1415.0     .010    .000     .097    .003    -.081   -.002   1130.7    43.1
 1420.0     .010    .000     .098    .004    -.082   -.002   1138.3    47.9
 1425.0     .010    .000     .099    .004    -.082   -.002   1145.9    52.7
 1430.0     .010    .000     .100    .004    -.083   -.002   1153.5    57.5
 1435.0     .010    .000     .101    .004    -.083   -.002   1161.1    62.3
 1440.0     .010    .000     .101    .004    -.084   -.002   1168.8    67.1
 1445.0     .010    .000     .102    .005    -.084   -.002   1176.5    71.9
 1450.0     .010    .000     .103    .005    -.085   -.002   1184.2    76.6
 1455.0     .010    .000     .104    .005    -.085   -.002   1191.9    81.3
 1460.0     .009    .000     .105    .005    -.086   -.003   1199.7    86.0
 1465.0     .009    .000     .106    .006    -.086   -.003   1207.5    90.7
 1470.0     .009    .000     .107    .006    -.086   -.003   1215.3    95.4
 1475.0     .009    .000     .108    .006    -.087   -.003   1223.1   100.1
 1480.0     .009    .000     .109    .006    -.087   -.003   1231.0   104.7
 1485.0     .009    .000     .110    .007    -.088   -.003   1238.9   109.4
 1490.0     .009    .000     .111    .007    -.088   -.003   1246.8   114.0
 1495.0     .009    .000     .112    .007    -.089   -.004   1254.8   118.6
 1500.0     .009    .000     .113    .008    -.089   -.004   1262.8   123.2
 1505.0     .009    .000     .114    .008    -.090   -.004   1270.8   127.8
 1510.0     .009    .000     .115    .009    -.090   -.004   1278.8   132.4
 1515.0     .009    .000     .116    .009    -.090   -.004   1286.9   136.9
 1520.0     .009    .000     .117    .009    -.091   -.005   1295.0   141.5
 1525.0     .009    .000     .118    .010    -.091   -.005   1303.1   146.0
 1530.0     .009    .000     .119    .010    -.092   -.005   1311.2   150.5
 1535.0     .009    .000     .120    .011    -.092   -.005   1319.4   155.0
 1540.0     .009    .000     .121    .011    -.093   -.005   1327.6   159.5
 1545.0     .008    .000     .122    .012    -.093   -.006   1335.8   164.0
 1550.0     .008    .000     .123    .012    -.093   -.006   1344.0   168.4
 1555.0     .008    .000     .124    .013    -.094   -.006   1352.3   172.9
 1560.0     .008    .000     .126    .013    -.094   -.007   1360.6   177.3
 1565.0     .008    .000     .127    .014    -.095   -.007   1368.9   181.7
 1570.0     .008    .000     .128    .015    -.095   -.007   1377.3   186.2
 1575.0     .008    .000     .129    .015    -.096   -.007   1385.7   190.6




   
