 W(MeV)     Re(0)   Im(0)   Re(+)    Im(+)   Re(-)    Im(-) wlab(MeV) wcm(MeV)
 1080.0     .000    .000     .000    .000     .000    .000    685.3  -330.5
 1085.0     .000    .000     .000    .000     .000    .000    691.1  -324.0
 1090.0     .000    .000     .000    .000     .000    .000    696.9  -317.5
 1095.0     .000    .000     .000    .000     .000    .000    702.7  -311.1
 1100.0     .000    .000     .000    .000     .000    .000    708.6  -304.7
 1105.0     .000    .000     .000    .000     .000    .000    714.4  -298.3
 1110.0     .000    .000     .000    .000     .001    .000    720.3  -292.0
 1115.0     .000    .000     .000    .000     .001    .000    726.3  -285.7
 1120.0     .000    .000     .000    .000     .001    .000    732.2  -279.4
 1125.0     .000    .000     .000    .000     .001    .000    738.2  -273.2
 1130.0     .000    .000     .000    .000     .002    .000    744.2  -267.0
 1135.0     .000    .000     .000    .000     .002    .000    750.2  -260.9
 1140.0     .000    .000     .000    .000     .002    .000    756.3  -254.7
 1145.0     .000    .000     .000    .000     .003    .000    762.4  -248.6
 1150.0     .000    .000     .000    .000     .003    .000    768.5  -242.5
 1155.0     .000    .000     .000    .000     .004    .000    774.7  -236.5
 1160.0     .000    .000     .000    .000     .004    .000    780.8  -230.5
 1165.0     .000    .000     .000    .000     .004    .000    787.0  -224.5
 1170.0     .000    .000     .000    .000     .005    .000    793.2  -218.6
 1175.0     .001    .000     .000    .000     .005    .000    799.5  -212.7
 1180.0     .001    .000     .000    .000     .006    .000    805.8  -206.8
 1185.0     .001    .000     .000    .000     .006    .000    812.1  -200.9
 1190.0     .001    .000     .000    .000     .007    .000    818.4  -195.1
 1195.0     .001    .000     .001    .000     .007    .000    824.7  -189.3
 1200.0     .001    .000     .001    .000     .008    .000    831.1  -183.5
 1205.0     .001    .000     .001    .000     .008    .000    837.5  -177.7
 1210.0     .001    .000     .001    .000     .009    .000    844.0  -172.0
 1215.0     .001    .000     .001    .000     .009    .000    850.4  -166.3
 1220.0     .001    .000     .002    .000     .010    .000    856.9  -160.6
 1225.0     .001    .000     .002    .001     .011    .001    863.4  -155.0
 1230.0     .001    .000     .002    .001     .011    .001    870.0  -149.4
 1235.0     .001    .000     .003    .001     .012    .001    876.5  -143.8
 1240.0     .001    .000     .003    .001     .012    .001    883.1  -138.2
 1245.0     .001    .000     .003    .001     .013    .001    889.8  -132.7
 1250.0     .002    .000     .004    .001     .014    .001    896.4  -127.1
 1255.0     .002    .000     .004    .001     .015    .001    903.1  -121.6
 1260.0     .002    .000     .005    .001     .015    .001    909.8  -116.2
 1265.0     .002    .000     .005    .001     .016    .001    916.5  -110.7
 1270.0     .002    .000     .006    .001     .017    .001    923.3  -105.3
 1275.0     .002    .000     .006    .001     .018    .001    930.0   -99.9
 1280.0     .002    .000     .007    .001     .018    .001    936.9   -94.5
 1285.0     .003    .000     .008    .002     .019    .002    943.7   -89.2
 1290.0     .003    .000     .008    .002     .020    .002    950.5   -83.8
 1295.0     .003    .000     .009    .002     .021    .002    957.4   -78.5
 1300.0     .003    .000     .010    .002     .022    .002    964.3   -73.2
 1305.0     .003    .000     .011    .002     .023    .002    971.3   -67.9
 1310.0     .003    .000     .012    .002     .024    .002    978.3   -62.7
 1315.0     .004    .000     .012    .002     .025    .002    985.3   -57.5
 1320.0     .004    .000     .013    .003     .026    .003    992.3   -52.3
 1325.0     .004    .000     .014    .003     .027    .003    999.3   -47.1
 1330.0     .004    .000     .015    .003     .028    .003   1006.4   -41.9
 1335.0     .005    .000     .017    .003     .030    .003   1013.5   -36.8
 1340.0     .005    .000     .018    .004     .031    .003   1020.6   -31.6
 1345.0     .005    .000     .019    .004     .032    .004   1027.8   -26.5
 1350.0     .005    .000     .020    .004     .033    .004   1035.0   -21.4
 1355.0     .006    .000     .021    .004     .035    .004   1042.2   -16.4
 1360.0     .006    .000     .023    .005     .036    .005   1049.4   -11.3
 1365.0     .006    .000     .024    .005     .038    .005   1056.7    -6.3
 1370.0     .007    .000     .026    .005     .039    .005   1063.9    -1.3
 1375.0     .007    .000     .027    .006     .041    .006   1071.3     3.7
 1380.0     .008    .000     .029    .006     .042    .006   1078.6     8.7
 1385.0     .008    .000     .030    .007     .044    .006   1086.0    13.7
 1390.0     .008    .000     .032    .007     .046    .007   1093.4    18.6
 1395.0     .009    .000     .034    .007     .048    .007   1100.8    23.5
 1400.0     .009    .000     .036    .008     .050    .008   1108.2    28.4
 1405.0     .010    .000     .038    .009     .052    .008   1115.7    33.3
 1410.0     .010    .000     .040    .009     .054    .009   1123.2    38.2
 1415.0     .011    .000     .042    .010     .056    .009   1130.7    43.1
 1420.0     .012    .000     .044    .010     .058    .010   1138.3    47.9
 1425.0     .012    .000     .046    .011     .060    .011   1145.9    52.7
 1430.0     .013    .000     .049    .012     .063    .012   1153.5    57.5
 1435.0     .013    .000     .051    .013     .065    .012   1161.1    62.3
 1440.0     .014    .000     .054    .014     .068    .013   1168.8    67.1
 1445.0     .015    .000     .057    .015     .070    .014   1176.5    71.9
 1450.0     .016    .000     .059    .016     .073    .015   1184.2    76.6
 1455.0     .016    .001     .062    .017     .076    .016   1191.9    81.3
 1460.0     .017    .001     .065    .018     .079    .018   1199.7    86.0
 1465.0     .018    .001     .069    .019     .082    .019   1207.5    90.7
 1470.0     .019    .001     .072    .021     .085    .020   1215.3    95.4
 1475.0     .020    .001     .075    .022     .089    .022   1223.1   100.1
 1480.0     .021    .002     .079    .024     .092    .023   1231.0   104.7
 1485.0     .022    .002     .083    .026     .096    .025   1238.9   109.4
 1490.0     .023    .002     .087    .028     .100    .027   1246.8   114.0
 1495.0     .025    .003     .091    .030     .104    .029   1254.8   118.6
 1500.0     .026    .003     .095    .032     .108    .031   1262.8   123.2
 1505.0     .027    .003     .100    .035     .113    .034   1270.8   127.8
 1510.0     .029    .004     .105    .038     .117    .037   1278.8   132.4
 1515.0     .030    .004     .110    .041     .122    .040   1286.9   136.9
 1520.0     .032    .005     .115    .044     .127    .043   1295.0   141.5
 1525.0     .033    .006     .120    .048     .132    .047   1303.1   146.0
 1530.0     .035    .007     .126    .052     .138    .051   1311.2   150.5
 1535.0     .037    .008     .131    .056     .143    .055   1319.4   155.0
 1540.0     .039    .009     .138    .061     .149    .060   1327.6   159.5
 1545.0     .041    .010     .144    .067     .155    .066   1335.8   164.0
 1550.0     .043    .011     .150    .073     .162    .072   1344.0   168.4
 1555.0     .045    .013     .157    .080     .168    .078   1352.3   172.9
 1560.0     .047    .014     .164    .087     .175    .086   1360.6   177.3
 1565.0     .050    .016     .171    .096     .182    .094   1368.9   181.7
 1570.0     .052    .018     .178    .105     .188    .103   1377.3   186.2
 1575.0     .055    .021     .185    .115     .195    .114   1385.7   190.6




   
