 W(MeV)     Re(0)   Im(0)   Re(+)    Im(+)   Re(-)    Im(-) wlab(MeV) wcm(MeV)
 1080.0     .374    .000     .288    .000     .817    .000    685.3  -330.5
 1085.0     .474   -.001     .373   -.001    1.057   -.002    691.1  -324.0
 1090.0     .545   -.002     .439   -.002    1.240   -.004    696.9  -317.5
 1095.0     .598   -.003     .494   -.003    1.388   -.006    702.7  -311.1
 1100.0     .640   -.004     .542   -.005    1.514   -.010    708.6  -304.7
 1105.0     .674   -.006     .585   -.006    1.624   -.014    714.4  -298.3
 1110.0     .702   -.007     .625   -.007    1.721   -.017    720.3  -292.0
 1115.0     .725   -.009     .662   -.008    1.807   -.021    726.3  -285.7
 1120.0     .744   -.010     .697   -.009    1.886   -.026    732.2  -279.4
 1125.0     .761   -.011     .732   -.009    1.958   -.029    738.2  -273.2
 1130.0     .774   -.012     .765   -.009    2.024   -.033    744.2  -267.0
 1135.0     .786   -.013     .797   -.009    2.086   -.036    750.2  -260.9
 1140.0     .796   -.013     .830   -.008    2.143   -.039    756.3  -254.7
 1145.0     .805   -.014     .861   -.006    2.197   -.042    762.4  -248.6
 1150.0     .812   -.014     .893   -.004    2.248   -.044    768.5  -242.5
 1155.0     .818   -.014     .925   -.001    2.297   -.046    774.7  -236.5
 1160.0     .824   -.013     .957    .003    2.343   -.046    780.8  -230.5
 1165.0     .828   -.012     .989    .008    2.387   -.047    787.0  -224.5
 1170.0     .832   -.011    1.022    .013    2.430   -.046    793.2  -218.6
 1175.0     .836   -.010    1.055    .020    2.471   -.045    799.5  -212.7
 1180.0     .838   -.008    1.088    .027    2.511   -.042    805.8  -206.8
 1185.0     .841   -.006    1.122    .035    2.550   -.039    812.1  -200.9
 1190.0     .843   -.003    1.156    .045    2.588   -.035    818.4  -195.1
 1195.0     .844   -.001    1.191    .062    2.626   -.022    824.7  -189.3
 1200.0     .845    .003    1.227    .067    2.663   -.022    831.1  -183.5
 1205.0     .846    .007    1.263    .082    2.699   -.012    837.5  -177.7
 1210.0     .847    .011    1.300    .096    2.735   -.004    844.0  -172.0
 1215.0     .847    .016    1.337    .109    2.771    .005    850.4  -166.3
 1220.0     .847    .021    1.375    .130    2.806    .020    856.9  -160.6
 1225.0     .847    .026    1.414    .157    2.841    .043    863.4  -155.0
 1230.0     .846    .031    1.452    .187    2.875    .067    870.0  -149.4
 1235.0     .845    .037    1.492    .215    2.909    .090    876.5  -143.8
 1240.0     .843    .044    1.532    .244    2.943    .115    883.1  -138.2
 1245.0     .842    .052    1.572    .276    2.977    .142    889.8  -132.7
 1250.0     .839    .059    1.613    .312    3.010    .173    896.4  -127.1
 1255.0     .836    .068    1.653    .351    3.043    .208    903.1  -121.6
 1260.0     .833    .076    1.693    .394    3.075    .246    909.8  -116.2
 1265.0     .829    .085    1.732    .440    3.105    .287    916.5  -110.7
 1270.0     .825    .095    1.771    .490    3.135    .333    923.3  -105.3
 1275.0     .819    .105    1.809    .544    3.163    .382    930.0   -99.9
 1280.0     .813    .116    1.845    .602    3.188    .437    936.9   -94.5
 1285.0     .807    .127    1.878    .664    3.212    .495    943.7   -89.2
 1290.0     .799    .138    1.909    .732    3.232    .559    950.5   -83.8
 1295.0     .790    .150    1.936    .805    3.248    .628    957.4   -78.5
 1300.0     .780    .162    1.960    .883    3.259    .702    964.3   -73.2
 1305.0     .768    .173    1.978    .964    3.266    .780    971.3   -67.9
 1310.0     .756    .185    1.991   1.050    3.266    .863    978.3   -62.7
 1315.0     .742    .197    1.996   1.141    3.260    .950    985.3   -57.5
 1320.0     .727    .208    1.994   1.235    3.244   1.042    992.3   -52.3
 1325.0     .710    .218    1.983   1.333    3.221   1.136    999.3   -47.1
 1330.0     .691    .228    1.962   1.433    3.187   1.233   1006.4   -41.9
 1335.0     .672    .236    1.930   1.534    3.141   1.332   1013.5   -36.8
 1340.0     .651    .242    1.887   1.635    3.085   1.431   1020.6   -31.6
 1345.0     .629    .247    1.833   1.734    3.017   1.527   1027.8   -26.5
 1350.0     .606    .249    1.768   1.828    2.938   1.619   1035.0   -21.4
 1355.0     .583    .250    1.692   1.917    2.848   1.706   1042.2   -16.4
 1360.0     .559    .247    1.606   2.000    2.748   1.786   1049.4   -11.3
 1365.0     .536    .243    1.511   2.073    2.639   1.857   1056.7    -6.3
 1370.0     .514    .236    1.410   2.135    2.523   1.918   1063.9    -1.3
 1375.0     .494    .226    1.305   2.186    2.404   1.967   1071.3     3.7
 1380.0     .475    .216    1.199   2.224    2.283   2.004   1078.6     8.7
 1385.0     .457    .203    1.091   2.251    2.161   2.028   1086.0    13.7
 1390.0     .442    .190     .986   2.265    2.040   2.042   1093.4    18.6
 1395.0     .429    .175     .883   2.269    1.923   2.044   1100.8    23.5
 1400.0     .418    .161     .785   2.262    1.810   2.036   1108.2    28.4
 1405.0     .409    .146     .693   2.247    1.704   2.020   1115.7    33.3
 1410.0     .401    .132     .608   2.223    1.603   1.995   1123.2    38.2
 1415.0     .396    .118     .529   2.194    1.509   1.965   1130.7    43.1
 1420.0     .391    .105     .456   2.159    1.422   1.929   1138.3    47.9
 1425.0     .388    .093     .391   2.120    1.342   1.889   1145.9    52.7
 1430.0     .386    .082     .332   2.078    1.269   1.846   1153.5    57.5
 1435.0     .384    .071     .279   2.033    1.201   1.801   1161.1    62.3
 1440.0     .383    .061     .232   1.987    1.139   1.754   1168.8    67.1
 1445.0     .383    .053     .190   1.940    1.082   1.707   1176.5    71.9
 1450.0     .384    .044     .153   1.893    1.031   1.659   1184.2    76.6
 1455.0     .384    .037     .120   1.845     .984   1.611   1191.9    81.3
 1460.0     .385    .031     .092   1.798     .941   1.564   1199.7    86.0
 1465.0     .385    .025     .066   1.752     .902   1.518   1207.5    90.7
 1470.0     .386    .019     .044   1.707     .865   1.473   1215.3    95.4
 1475.0     .388    .014     .024   1.662     .831   1.428   1223.1   100.1
 1480.0     .389    .009     .007   1.619     .800   1.385   1231.0   104.7
 1485.0     .391    .005    -.008   1.576     .771   1.343   1238.9   109.4
 1490.0     .392    .001    -.021   1.535     .745   1.303   1246.8   114.0
 1495.0     .393   -.003    -.032   1.496     .720   1.263   1254.8   118.6
 1500.0     .394   -.006    -.042   1.457     .697   1.225   1262.8   123.2
 1505.0     .396   -.009    -.051   1.420     .675   1.189   1270.8   127.8
 1510.0     .397   -.012    -.058   1.383     .654   1.153   1278.8   132.4
 1515.0     .397   -.015    -.064   1.349     .635   1.120   1286.9   136.9
 1520.0     .398   -.017    -.070   1.315     .617   1.087   1295.0   141.5
 1525.0     .400   -.020    -.075   1.282     .599   1.055   1303.1   146.0
 1530.0     .401   -.023    -.079   1.250     .582   1.024   1311.2   150.5
 1535.0     .402   -.025    -.082   1.219     .566    .995   1319.4   155.0
 1540.0     .403   -.027    -.085   1.190     .551    .967   1327.6   159.5
 1545.0     .404   -.029    -.088   1.161     .536    .940   1335.8   164.0
 1550.0     .405   -.032    -.090   1.133     .522    .913   1344.0   168.4
 1555.0     .407   -.034    -.092   1.105     .508    .888   1352.3   172.9
 1560.0     .408   -.036    -.093   1.079     .495    .864   1360.6   177.3
 1565.0     .409   -.039    -.094   1.054     .482    .840   1368.9   181.7
 1570.0     .410   -.041    -.095   1.029     .469    .817   1377.3   186.2
 1575.0     .412   -.043    -.096   1.004     .457    .795   1385.7   190.6



   
