 W(MeV)     Re(0)   Im(0)   Re(+)    Im(+)   Re(-)    Im(-) wlab(MeV) wcm(MeV)
 1080.0    -.001    .000     .000    .000     .000    .000    685.3  -330.5
 1085.0    -.002    .000     .000    .000     .000    .000    691.1  -324.0
 1090.0    -.003    .000    -.001    .000     .001    .000    696.9  -317.5
 1095.0    -.004    .000    -.001    .000     .001    .000    702.7  -311.1
 1100.0    -.006    .000    -.001    .000     .001    .000    708.6  -304.7
 1105.0    -.007    .000    -.002    .000     .001    .000    714.4  -298.3
 1110.0    -.008    .000    -.002    .000     .002    .000    720.3  -292.0
 1115.0    -.010    .000    -.002    .000     .002    .000    726.3  -285.7
 1120.0    -.011    .000    -.002    .000     .002    .000    732.2  -279.4
 1125.0    -.012    .000    -.002    .000     .002    .000    738.2  -273.2
 1130.0    -.013    .000    -.003    .000     .002    .000    744.2  -267.0
 1135.0    -.015    .000    -.003    .000     .002    .000    750.2  -260.9
 1140.0    -.016    .000    -.003    .000     .002    .000    756.3  -254.7
 1145.0    -.017    .000    -.003    .000     .002    .000    762.4  -248.6
 1150.0    -.018    .000    -.003    .000     .002    .000    768.5  -242.5
 1155.0    -.019    .000    -.003    .000     .002    .000    774.7  -236.5
 1160.0    -.020    .000    -.003    .000     .002    .000    780.8  -230.5
 1165.0    -.021    .000    -.003    .000     .002    .000    787.0  -224.5
 1170.0    -.022    .000    -.003    .000     .002    .000    793.2  -218.6
 1175.0    -.022    .000    -.003    .000     .001    .000    799.5  -212.7
 1180.0    -.023    .000    -.003    .000     .001    .000    805.8  -206.8
 1185.0    -.024    .000    -.003    .000     .001    .000    812.1  -200.9
 1190.0    -.025    .000    -.003    .000     .001    .000    818.4  -195.1
 1195.0    -.025    .000    -.003    .000     .000    .000    824.7  -189.3
 1200.0    -.026    .000    -.003    .000     .000    .000    831.1  -183.5
 1205.0    -.027    .000    -.002    .000     .000    .000    837.5  -177.7
 1210.0    -.027    .000    -.002    .000    -.001    .000    844.0  -172.0
 1215.0    -.028    .000    -.002    .000    -.001    .000    850.4  -166.3
 1220.0    -.028    .000    -.002    .000    -.001    .000    856.9  -160.6
 1225.0    -.029    .000    -.002    .000    -.002    .000    863.4  -155.0
 1230.0    -.029    .000    -.002    .000    -.002    .000    870.0  -149.4
 1235.0    -.030    .000    -.002    .000    -.003    .000    876.5  -143.8
 1240.0    -.031    .000    -.002    .000    -.003    .000    883.1  -138.2
 1245.0    -.031    .000    -.002    .000    -.004    .000    889.8  -132.7
 1250.0    -.032    .000    -.002    .000    -.004    .000    896.4  -127.1
 1255.0    -.032    .000    -.001    .000    -.005    .000    903.1  -121.6
 1260.0    -.032    .000    -.001    .000    -.005    .000    909.8  -116.2
 1265.0    -.033   -.001    -.001    .000    -.006    .000    916.5  -110.7
 1270.0    -.033   -.001    -.001    .000    -.006    .000    923.3  -105.3
 1275.0    -.034   -.001    -.001    .000    -.007    .000    930.0   -99.9
 1280.0    -.034   -.001    -.001   -.001    -.008    .000    936.9   -94.5
 1285.0    -.035   -.001    -.001   -.001    -.008   -.001    943.7   -89.2
 1290.0    -.035   -.001    -.001   -.001    -.009   -.001    950.5   -83.8
 1295.0    -.036   -.001    -.001   -.001    -.010   -.001    957.4   -78.5
 1300.0    -.036   -.001    -.001   -.001    -.011   -.001    964.3   -73.2
 1305.0    -.037   -.001    -.001   -.001    -.011   -.001    971.3   -67.9
 1310.0    -.037   -.001    -.001   -.001    -.012   -.001    978.3   -62.7
 1315.0    -.038   -.001    -.001   -.001    -.013   -.001    985.3   -57.5
 1320.0    -.038   -.001    -.001   -.001    -.014   -.001    992.3   -52.3
 1325.0    -.039   -.001    -.001   -.001    -.015   -.001    999.3   -47.1
 1330.0    -.039   -.002    -.001   -.001    -.016   -.001   1006.4   -41.9
 1335.0    -.040   -.002    -.001   -.001    -.016   -.001   1013.5   -36.8
 1340.0    -.040   -.002    -.001   -.001    -.017   -.001   1020.6   -31.6
 1345.0    -.041   -.002    -.002   -.001    -.018   -.001   1027.8   -26.5
 1350.0    -.042   -.002    -.002   -.002    -.019   -.002   1035.0   -21.4
 1355.0    -.042   -.002    -.002   -.002    -.020   -.002   1042.2   -16.4
 1360.0    -.043   -.002    -.002   -.002    -.021   -.002   1049.4   -11.3
 1365.0    -.043   -.003    -.002   -.002    -.023   -.002   1056.7    -6.3
 1370.0    -.044   -.003    -.003   -.002    -.024   -.002   1063.9    -1.3
 1375.0    -.045   -.003    -.003   -.002    -.025   -.002   1071.3     3.7
 1380.0    -.046   -.003    -.003   -.003    -.026   -.002   1078.6     8.7
 1385.0    -.046   -.004    -.004   -.003    -.027   -.003   1086.0    13.7
 1390.0    -.047   -.004    -.004   -.003    -.029   -.003   1093.4    18.6
 1395.0    -.048   -.004    -.005   -.003    -.030   -.003   1100.8    23.5
 1400.0    -.049   -.004    -.005   -.003    -.031   -.003   1108.2    28.4
 1405.0    -.050   -.005    -.006   -.004    -.033   -.004   1115.7    33.3
 1410.0    -.051   -.005    -.006   -.004    -.034   -.004   1123.2    38.2
 1415.0    -.052   -.005    -.007   -.004    -.036   -.004   1130.7    43.1
 1420.0    -.053   -.006    -.008   -.005    -.037   -.005   1138.3    47.9
 1425.0    -.054   -.006    -.008   -.005    -.039   -.005   1145.9    52.7
 1430.0    -.055   -.007    -.009   -.005    -.041   -.005   1153.5    57.5
 1435.0    -.056   -.007    -.010   -.006    -.042   -.006   1161.1    62.3
 1440.0    -.058   -.008    -.011   -.006    -.044   -.006   1168.8    67.1
 1445.0    -.059   -.008    -.012   -.007    -.046   -.007   1176.5    71.9
 1450.0    -.060   -.009    -.013   -.007    -.048   -.007   1184.2    76.6
 1455.0    -.062   -.009    -.014   -.008    -.050   -.008   1191.9    81.3
 1460.0    -.063   -.010    -.015   -.008    -.052   -.008   1199.7    86.0
 1465.0    -.065   -.011    -.017   -.009    -.054   -.009   1207.5    90.7
 1470.0    -.066   -.012    -.018   -.010    -.056   -.010   1215.3    95.4
 1475.0    -.068   -.012    -.019   -.011    -.059   -.010   1223.1   100.1
 1480.0    -.070   -.013    -.021   -.011    -.061   -.011   1231.0   104.7
 1485.0    -.072   -.014    -.023   -.012    -.064   -.012   1238.9   109.4
 1490.0    -.074   -.015    -.024   -.013    -.066   -.013   1246.8   114.0
 1495.0    -.076   -.017    -.026   -.015    -.069   -.014   1254.8   118.6
 1500.0    -.078   -.018    -.028   -.016    -.072   -.016   1262.8   123.2
 1505.0    -.081   -.019    -.030   -.017    -.075   -.017   1270.8   127.8
 1510.0    -.083   -.021    -.032   -.019    -.078   -.018   1278.8   132.4
 1515.0    -.086   -.023    -.035   -.020    -.081   -.020   1286.9   136.9
 1520.0    -.088   -.025    -.037   -.022    -.084   -.022   1295.0   141.5
 1525.0    -.091   -.027    -.040   -.024    -.088   -.024   1303.1   146.0
 1530.0    -.094   -.029    -.042   -.026    -.091   -.026   1311.2   150.5
 1535.0    -.097   -.032    -.045   -.029    -.095   -.028   1319.4   155.0
 1540.0    -.100   -.034    -.048   -.031    -.099   -.031   1327.6   159.5
 1545.0    -.104   -.038    -.051   -.034    -.103   -.034   1335.8   164.0
 1550.0    -.107   -.041    -.055   -.038    -.107   -.038   1344.0   168.4
 1555.0    -.111   -.045    -.058   -.042    -.112   -.041   1352.3   172.9
 1560.0    -.114   -.049    -.062   -.046    -.116   -.046   1360.6   177.3
 1565.0    -.118   -.054    -.066   -.050    -.121   -.050   1368.9   181.7
 1570.0    -.122   -.059    -.069   -.056    -.125   -.055   1377.3   186.2
 1575.0    -.126   -.065    -.073   -.062    -.130   -.061   1385.7   190.6





   
